#
0.000000
0.000000
0.000000
0.000000
0.000000

b
0.000000
0.000000
0.000000
0.000000
0.000000

tS
350.000000
-30.000000
-50.000000
15.000000
15.000000

d
400.000000
45.000000
-10.000000
-10.000000
-10.000000

f
0.000000
0.000000
0.000000
0.000000
0.000000

g
0.000000
-10.000000
400.000000
-10.000000
-10.000000

k
0.000000
-10.000000
400.000000
-10.000000
-10.000000

l
500.000000
-50.000000
-100.000000
-10.000000
-10.000000

m
0.000000
0.000000
0.000000
0.000000
0.000000

n
500.000000
-50.000000
-100.000000
-10.000000
-10.000000

p
0.000000
0.000000
0.000000
0.000000
0.000000

r
400.000000
-100.000000
-100.000000
10.000000
10.000000

s
500.000000
-50.000000
-100.000000
-10.000000
-10.000000

SS
350.000000
-30.000000
-50.000000
15.000000
15.000000

t
400.000000
45.000000
-10.000000
-10.000000
-10.000000

th
155.000000
50.000000
0.000000
-10.000000
-10.000000

v
0.000000
0.000000
0.000000
0.000000
0.000000

w
0.000000
0.000000
0.000000
0.000000
0.000000

z
500.000000
-50.000000
-100.000000
-10.000000
-10.000000