a
-100.000000	-50.000000
0.000000	0.000000
-150.000000	-75.000000
0.000000	0.000000
0.000000	0.000000

a1
-100.000000	-50.000000
0.000000	0.000000
-150.000000	-75.000000
0.000000	0.000000
0.000000	0.000000

e
0.000000	0.000000
0.000000	0.000000
300.000000	150.000000
0.000000	0.000000
0.000000	0.000000

e1
0.000000	0.000000
0.000000	0.000000
300.000000	150.000000
0.000000	0.000000
0.000000	0.000000

E1
0.000000	0.000000
0.000000	0.000000
300.000000	150.000000
0.000000	0.000000
0.000000	0.000000

i
0.000000	0.000000
0.000000	0.000000
350.000000	200.000000
10.000000	0.000000
0.000000	0.000000

i1
0.000000	0.000000
0.000000	0.000000
350.000000	200.000000
10.000000	0.000000
0.000000	0.000000

o
0.000000	0.000000
0.000000	0.000000
-200.000000	-100.000000
0.000000	0.000000
0.000000	0.000000

o1
0.000000	0.000000
0.000000	0.000000
-200.000000	-100.000000
0.000000	0.000000
0.000000	0.000000

O1
0.000000	0.000000
0.000000	0.000000
-200.000000	-100.000000
0.000000	0.000000
0.000000	0.000000

u
0.000000	0.000000
0.000000	0.000000
-200.000000	-100.000000
0.000000	0.000000
0.000000	0.000000

u1
0.000000	0.000000
0.000000	0.000000
-200.000000	-100.000000
0.000000	0.000000
0.000000	0.000000

y
0.000000	0.000000
0.000000	0.000000
350.000000	200.000000
10.000000	0.000000
10.000000	0.000000