
#
10
5	3.10194	2.52
5	5.51456	4.48
5	11.2363	5.30816
4	1.2662	0.975237
7	-0.102469	-0.0258986
7	-0.110313	-0.0884965
5	-108	-86.4

b
10
5	1.57316	1.224
5	2.79674	2.176
5	5.97379	2.4169
4	1.13958	1.33131
7	-0.144469	-0.0958986
7	-0.110313	-0.078497
5	-60	-48

tS
20
10	2.20474	2.19307
10	3.91954	3.8988
10	8.13983	7.97171
5	-0.877125	-1.01714
5	0.182034	0.443102
5	0.132023	0.318496
5	-84	-67.2

d
12
7	3.6164	3.36
7	6.42916	5.97333
7	12.2737	11.6442
10	1.42003	1.54476
8	-0.311726	-0.1869
8	-0.149294	-0.081501
6	-96	-76.8

f
18
9	2.30213	2.0328
9	4.09268	3.61387
9	8.77705	8.33011
10	1.65568	1.50369
2	-0.178529	-0.0889
13	-0.933724	-1.0565
9	-72	-57.6

g
14
7	3.99629	3.864
7	7.10451	6.86933
7	13.973	13.1802
9	1.1402	1.35324
8	-0.177472	-0.137898
8	-0.0632445	-0.0315025
7	-108	-86.4

k
14
7	3.99629	3.864
7	7.10451	6.86933
7	13.973	13.1802
9	1.1402	1.35324
8	-0.177472	-0.137898
8	-0.0632445	-0.0315025
7	-108	-86.4

l
20
10	4.392	4.344
10	7.808	7.72267
10	14.4602	14.3322
7	1.67076	1.79676
14	-0.177472	-0.137898
14	-0.0632445	-0.0315025
10	-120	-96

m
10
5	1.57316	1.224
5	2.79674	2.176
5	5.97379	2.4169
4	1.13958	1.33131
7	-0.144469	-0.0958986
7	-0.110313	-0.078497
5	-60	-48

n
14
7	3.99629	3.864
7	7.10451	6.86933
7	13.973	13.1802
9	1.1402	1.35324
8	-0.177472	-0.137898
8	-0.0632445	-0.0315025
7	-108	-86.4

p
10
5	1.86116	1.512
5	3.30874	2.688
5	6.35779	5.1049
4	1.13958	1.33131
7	-0.144469	-0.0958986
7	-0.110313	-0.078497
5	-60	-48

r
14
7	3.99629	3.864
7	7.10451	6.86933
7	13.973	13.1802
9	1.1402	1.35324
8	-0.177472	-0.137898
8	-0.0632445	-0.0315025
7	-108	-86.4

s
12
7	3.6164	3.36
7	6.42916	5.97333
7	12.2737	11.6442
10	1.42003	1.54476
8	-0.311726	-0.1869
4	-0.149294	-0.081501
6	-96	-76.8

SS
20
10	2.20474	2.19307
10	3.91954	3.8988
10	8.13983	7.97171
5	-0.877125	-1.01714
5	0.182034	0.443102
5	0.132023	0.318496
10	-84	-67.2

t
12
7	3.6164	3.36
7	6.42916	5.97333
7	12.2737	11.6442
10	1.42003	1.54476
8	-0.311726	-0.1869
4	-0.149294	-0.081501
6	-96	-76.8

th
12
7	3.6164	3.36
7	6.42916	5.97333
7	12.2737	11.6442
10	1.42003	1.54476
8	-0.311726	-0.1869
4	-0.149294	-0.081501
6	-96	-76.8

v
18
9	2.30213	2.0328
9	4.09268	3.61387
9	8.77705	8.33011
10	1.65568	1.50369
2	-0.178529	-0.0889
13	-0.933724	-1.0565
9	-72	-57.6

w
18
9	2.30213	2.0328
9	4.09268	3.61387
9	8.77705	8.33011
10	-1.61431	-1.91
2	0.38529	0.5789
13	0.216276	0.443496
9	-84	-67.2

z
12
7	3.6164	3.36
7	6.42916	5.97333
7	12.2737	11.6442
10	1.42003	1.54476
8	-0.311726	-0.1869
4	-0.149294	-0.081501
6	-96	-76.8
