
#
50
25	5.35709	3.6
25	9.52372	6.4
25	18.3317	14.5882
20	1.386	1.35324
35	-0.150172	-0.123899
35	-0.124668	-0.073498
25	-108	-86.4

b
50
25	2.92625	2.448
25	5.20223	4.352
25	9.46301	8.3689
20	1.42261	1.55812
35	-0.150172	-0.123899
35	-0.124668	-0.073498
25	-60	-48

tS
35
18	4.80244	4.1496
18	8.53767	7.37707
18	14.2208	12.8101
5	-1.03468	-1.23143
18	0.318218	0.0441035
18	0.218548	0.343498
18	-84	-67.2

d
50
30	6.49826	5.448
30	11.5525	9.68534
30	20.3059	17.2762
15	1.6976	1.85976
40	-0.402744	-0.214897
40	-0.154387	-0.106501
25	-96	-76.8

f
50
30	4.11787	3.23921
30	7.32066	5.75859
30	12.4826	10.5652
16	1.81692	1.73048
36	-0.258281	-0.165897
13	-1.11368	-1.2965
25	-72	-57.6

g
50
25	6.87576	6
25	12.2236	10.6667
25	21.247	19.0682
20	1.45468	1.73124
25	-0.262744	-0.284897
25	-0.104387	-0.156501
25	-108	-86.4

k
50
25	6.87576	6
25	12.2236	10.6667
25	21.247	19.0682
20	1.45468	1.73124
25	-0.262744	-0.284897
25	-0.104387	-0.156501
25	-108	-86.4

l
46
23	7.272	6.648
23	12.928	11.8187
23	21.9482	15.9962
20	1.8236	1.98576
21	-0.262744	-0.284897
21	-0.104387	-0.156501
23	-120	-96

m
50
25	2.92625	2.448
25	5.20223	4.352
25	9.46301	8.3689
20	1.42261	1.55812
35	-0.150172	-0.123899
35	-0.124668	-0.073498
25	-60	-48

n
50
25	6.87576	6
25	12.2236	10.6667
25	21.247	19.0682
20	1.45468	1.73124
25	-0.262744	-0.284897
25	-0.104387	-0.156501
25	-108	-86.4

p
50
25	2.92625	2.448
25	5.20223	4.352
25	9.46301	8.3689
20	1.42261	1.55812
35	-0.150172	-0.123899
35	-0.124668	-0.073498
25	-60	-48

r
50
25	6.87576	6
25	12.2236	10.6667
25	21.247	19.0682
20	1.45468	1.73124
25	-0.262744	-0.284897
25	-0.104387	-0.156501
25	-108	-86.4

s
50
30	6.49826	5.448
30	11.5525	9.68534
30	20.3059	17.2762
15	1.6976	1.85976
40	-0.402744	-0.214897
40	-0.154387	-0.106501
25	-96	-76.8

SS
35
18	4.80244	4.1496
18	8.53767	7.37707
18	14.2208	12.8101
5	-1.03468	-1.23143
18	0.318218	0.0441035
18	0.218548	0.343498
18	-84	-67.2

t
50
30	6.49826	5.448
30	11.5525	9.68534
30	20.3059	17.2762
15	1.6976	1.85976
40	-0.402744	-0.214897
40	-0.154387	-0.106501
25	-96	-76.8

th
50
30	6.49826	5.448
30	11.5525	9.68534
30	20.3059	17.2762
15	1.6976	1.85976
40	-0.402744	-0.214897
40	-0.154387	-0.106501
25	-96	-76.8

v
50
30	4.11787	3.23921
30	7.32066	5.75859
30	12.4826	10.5652
16	1.81692	1.73048
36	-0.258281	-0.165897
13	-1.11368	-1.2965
25	-72	-57.6

w
50
30	4.11787	3.23921
30	7.32066	5.75859
30	12.4826	10.5652
16	-1.92698	-2.12429
36	0.258281	0.422103
13	0.136318	0.4035
25	-84	-67.2

z
50
30	6.49826	5.448
30	11.5525	9.68534
30	20.3059	17.2762
15	1.6976	1.85976
40	-0.402744	-0.214897
40	-0.154387	-0.106501
25	-96	-76.8
