
# a
10
5	0.0288
5	0.0256
5	0.0256
5	0.1764
5	0.07
5	0.05
5	-60

# e
10
5	0.0288
5	0.0256
5	0.0256
5	0.1764
5	0.07
5	0.05
5	-60

# i
10
5	0.0288
5	0.0256
5	0.0256
5	0.1764
5	0.07
5	0.05
5	-60

# o
10
5	0.0288
5	0.0256
5	0.0256
5	0.1764
5	0.07
5	0.05
5	-60

# u
10
5	0.0288
5	0.0256
5	0.0256
5	0.1764
5	0.07
5	0.05
5	-60

# y
10
5	0.0288
5	0.0256
5	0.0256
5	0.1764
5	0.07
5	0.05
5	-60

b a
15
8	-0.648
8	-1.152
8	1.5721
9	1.57349
7	-0.0469007
7	-0.018499
8	-36

b e
14
7	-0.621658
7	-1.10517
7	1.39957
11	1.86248
5	-0.571901
5	-0.275001
7	-36

b i
14
7	-0.595316
7	-1.05834
7	1.22705
11	2.15147
5	-1.0969
5	-0.531502
7	-36

b o
16
8	-0.410879
8	-0.73045
8	1.98093
10	-1.14539
6	0.653099
6	0.675
8	-54

b u
16
8	-0.173757
8	-0.308901
8	2.38976
10	-3.86428
6	1.3531
6	1.3685
8	-72

b y
16
8	-0.384536
8	-0.68362
8	1.80841
10	-3.86428
6	1.3531
6	1.3685
8	-72

tS a
20
10	1.93638
10	3.44245
10	6.33822
10	-1.47799
9	1.47758
9	0.954907
10	-72

tS e
14
6	2.04233
6	3.6308
6	6.00399
8	-1.50544
8	1.18957
8	0.787249
7	-72

tS i
14
6	2.14827
6	3.81915
6	5.66976
8	-1.53288
8	0.901559
8	0.619591
7	-72

tS o
10
4	1.99418
4	3.54521
4	5.6277
5	-2.01635
4	2.28368
5	1.4617
5	-72

tS u
10
4	2.05198
4	3.64797
4	4.91719
5	-2.55471
4	3.08979
5	1.9685
5	-72

tS y
10
4	2.10013
4	3.73356
4	5.29347
5	-2.55471
4	3.08979
5	1.9685
5	-72

d a
12
6	1.97196
6	3.50571
6	7.86724
5	1.90222
8	-0.147387
8	-0.050406
6	-84

d e
10
5	1.71421
5	3.04749
5	7.07234
3	2.37383
5	-0.437895
5	-0.281916
5	-84

d i
10
5	1.45646
5	2.58926
5	6.27743
3	2.84544
5	-0.728403
5	-0.513427
5	-84

d o
17
7	2.09453
7	3.72361
7	6.94031
14	-0.838876
11	0.966497
11	0.609046
8	-84

d u
17
7	2.2171
7	3.94151
7	4.73337
14	-2.64827
11	2.08038
11	1.2685
8	-84

d y
17
7	1.83678
7	3.26539
7	5.5054
14	-2.64827
11	2.08038
11	1.2685
8	-84

f a
21
12	0.109843
12	0.195277
12	3.60523
11	1.4243
14	-0.0533771
4	-2.3004
11	-48

f e
14
7	0.0155304
7	0.0276096
5	3.71248
6	1.67201
10	-0.400139
2	-2.35406
7	-48

f i
14
7	-0.0787824
7	-0.140058
5	3.81972
6	1.91972
10	-0.746901
2	-2.40773
7	-48

f o
15
8	0.397333
8	0.70637
8	3.41184
11	-0.943968
10	0.509861
6	-1.49535
8	-48

f u
15
8	0.684823
8	1.21746
8	3.21846
11	-3.31224
10	1.0731
6	-0.690292
8	-48

f y
15
8	0.30302
8	0.538702
8	3.51909
11	-3.31224
10	1.0731
6	-0.690292
8	-48

g a
8
4	3.05544
4	5.4319
4	10.8469
4	1.84631
3	-0.406387
3	-0.240406
4	-96

g e
10
6	2.92185
6	5.19441
6	10.4331
7	2.64684
7	-0.87849
7	-0.564156
5	-96

g i
10
6	2.78827
6	4.95692
6	10.0193
7	3.44736
7	-1.35059
7	-0.887905
5	-96

g o
15
8	2.54691
8	4.52784
8	8.54489
4	-0.829226
12	0.394689
12	0.379409
8	-96

g u
15
8	2.03837
8	3.62378
8	6.24292
4	-2.60045
12	1.19577
12	0.999225
8	-96

g y
15
8	2.41332
8	4.29035
8	8.13111
4	-2.60045
12	1.19577
12	0.999225
8	-96

k a
8
4	3.05544
4	5.4319
4	10.8469
4	1.84631
3	-0.406387
3	-0.240406
4	-96

k e
10
6	2.92185
6	5.19441
6	10.4331
7	2.64684
7	-0.87849
7	-0.564156
5	-96

k i
10
6	2.78827
6	4.95692
6	10.0193
7	3.44736
7	-1.35059
7	-0.887905
5	-96

k o
15
8	2.54691
8	4.52784
8	8.54489
4	-0.829226
12	0.394689
12	0.379409
8	-96

k u
15
8	2.03837
8	3.62378
8	6.24292
4	-2.60045
12	1.19577
12	0.999225
8	-96

k y
15
8	2.41332
8	4.29035
8	8.13111
4	-2.60045
12	1.19577
12	0.999225
8	-96

l a
10
5	4.656
5	8.27733
5	14.4602
3	2.09831
3	-0.406387
3	-0.240406
5	-114

l e
15
8	4.17228
8	7.41739
8	13.3722
6	2.83584
10	-0.87849
10	-0.564156
8	-114

l i
15
8	3.68856
8	6.55744
8	12.2842
6	3.57336
10	-1.35059
10	-0.887905
8	-114

l o
18
10	3.83533
10	6.81837
10	12.1242
10	-0.797083
15	0.604689
15	0.43441
9	-114

l u
18
10	3.01466
10	5.3594
10	9.78816
10	-2.66473
15	1.61577
15	1.10923
9	-114

l y
18
10	3.35161
10	5.95842
10	11.0362
10	-2.66473
15	1.61577
15	1.10923
9	-114

m a
15
8	-0.590654
8	-1.05005
8	1.68206
10	0.186413
10	-0.0469007
10	-0.031502
8	-36

m e
14
7	-0.568262
7	-1.01024
7	1.78649
7	0.727942
4	-0.571901
4	-0.281502
7	-36

m i
14
7	-0.54587
7	-0.970436
7	1.89092
7	1.26947
4	-1.0969
4	-0.531502
7	-36

m o
16
8	-0.392205
8	-0.697253
8	2.57319
11	-0.709263
10	0.653099
10	0.418499
8	-36

m u
16
8	-0.193755
8	-0.344454
8	3.46432
11	-1.60494
10	1.3531
10	0.8685
8	-36

m y
16
8	-0.369813
8	-0.657445
8	2.67762
11	-1.60494
10	1.3531
10	0.8685
8	-36

n a
8
4	3.05544
4	5.4319
4	10.8469
4	1.84631
3	-0.406387
3	-0.240406
4	-96

n e
10
6	2.92185
6	5.19441
6	10.4331
7	2.64684
7	-0.87849
7	-0.564156
5	-96

n i
10
6	2.78827
6	4.95692
6	10.0193
7	3.44736
7	-1.35059
7	-0.887905
5	-96

n o
15
8	2.54691
8	4.52784
8	8.54489
4	-0.829226
12	0.394689
12	0.379409
8	-96

n u
15
8	2.03837
8	3.62378
8	6.24292
4	-2.60045
12	1.19577
12	0.999225
8	-96

n y
15
8	2.41332
8	4.29035
8	8.13111
4	-2.60045
12	1.19577
12	0.999225
8	-96

p a
15
8	-0.716817
8	-1.27434
8	1.69649
10	0.220927
9	-0.0469007
9	-0.031502
8	-36

p e
14
7	-0.673663
7	-1.19762
7	1.41564
11	0.745198
4	-0.571901
4	-0.281502
7	-36

p i
14
7	-0.630511
7	-1.12091
7	1.1348
11	1.26947
4	-1.0969
4	-0.531502
7	-36

p o
16
8	-0.485196
8	-0.862571
8	2.37233
14	-0.34602
12	0.653099
12	0.468498
8	-36

p u
16
8	-0.253576
8	-0.450801
8	3.04817
14	-0.912967
12	1.3531
12	0.968498
8	-36

p y
16
8	-0.442044
8	-0.785855
8	2.09148
14	-0.912967
12	1.3531
12	0.968498
8	-36

r a
8
4	3.05544
4	5.4319
4	10.8469
4	1.84631
3	-0.406387
3	-0.240406
4	-96

r e
8
6	2.92185
6	5.19441
6	10.4331
7	2.64684
7	-0.87849
7	-0.564156
5	-96

r i
10
6	2.78827
6	4.95692
6	10.0193
7	3.44736
7	-1.35059
7	-0.887905
5	-96

r o
15
8	2.54691
8	4.52784
8	8.54489
4	-0.829226
12	0.394689
12	0.379409
8	-96

r u
15
8	2.03837
8	3.62378
8	6.24292
4	-2.60045
12	1.19577
12	0.999225
8	-96

r y
15
8	2.41332
8	4.29035
8	8.13111
4	-2.60045
12	1.19577
12	0.999225
8	-96

s a
12
6	1.97196
6	3.50571
6	7.86724
5	1.90222
8	-0.147387
8	-0.050406
6	-84

s e
10
5	1.71421
5	3.04749
5	7.07234
3	2.37383
5	-0.437895
5	-0.281916
5	-84

s i
10
5	1.45646
5	2.58926
5	6.27743
3	2.84544
5	-0.728403
5	-0.513427
5	-84

s o
20
7	2.09453
7	3.72361
7	6.94031
14	-0.838876
11	0.966497
11	0.609046
8	-84

s u
17
7	2.2171
7	3.94151
7	4.73337
14	-2.64827
11	2.08038
11	1.2685
8	-84

s y
20
7	1.83678
7	3.26539
7	5.5054
14	-2.64827
11	2.08038
11	1.2685
8	-84

SS a
20
10	1.93638
10	3.44245
10	6.33822
10	-1.47799
9	1.47758
9	0.954907
10	-72

SS e
14
7	1.9222
7	3.41724
7	6.65647
8	-1.50544
8	1.26731
8	0.928074
7	-72

SS i
14
7	1.90801
7	3.39202
7	6.97472
8	-1.53288
8	1.05704
8	0.901241
7	-72

SS o
10
5	1.99418
5	3.54521
5	5.6277
5	-2.01635
5	1.93368
5	1.2117
5	-72

SS u
10
5	2.05198
5	3.64797
5	4.91719
5	-2.55471
5	2.38979
5	1.4685
5	-72

SS y
10
5	1.98
5	3.52
5	5.94595
5	-2.55471
5	2.38979
5	1.4685
5	-72

t a
12
6	2.45196
6	4.35905
6	8.50724
5	1.90222
8	-0.147387
8	-0.050406
6	-84

t e
10
5	1.95421
5	3.47415
5	7.39234
3	2.37383
5	-0.437895
5	-0.281916
5	-84

t i
10
5	1.45646
5	2.58926
5	5.76543
3	2.84544
5	-0.728403
5	-0.513427
5	-84

t o
16
7	2.33453
7	4.15028
7	7.26031
14	-0.838876
11	0.966497
11	0.609046
8	-84

t u
17
7	2.2171
7	3.94151
7	4.73337
14	-2.64827
11	2.08038
11	1.2685
8	-84

t y
16
7	1.83678
7	3.26539
7	5.5054
14	-2.64827
11	2.08038
11	1.2685
8	-84

th a
12
6	1.97196
6	3.50571
6	7.86724
5	1.90222
8	-0.147387
8	-0.050406
6	-84

th e
10
5	1.71421
5	3.04749
5	7.71234
3	2.37383
5	-0.437895
5	-0.281916
5	-84

th i
10
5	1.45646
5	2.58926
5	7.55743
3	2.84544
5	-0.728403
5	-0.513427
5	-84

th o
16
7	2.09453
7	3.72361
7	6.30031
14	-0.838876
11	0.966497
11	0.609046
8	-84

th u
17
7	2.2171
7	3.94151
7	4.73337
14	-2.64827
11	2.08038
11	1.2685
8	-84

th y
16
7	1.83678
7	3.26539
7	6.1454
14	-2.64827
11	2.08038
11	1.2685
8	-84

v a
21
12	0.109843
12	0.195277
12	3.60523
11	1.4243
14	-0.0533771
4	-2.3004
11	-48

v e
14
7	0.0155304
7	0.0276096
5	3.71248
6	1.67201
10	-0.400139
2	-2.35406
7	-48

v i
14
7	-0.0787824
7	-0.140058
5	3.81972
6	1.91972
10	-0.746901
2	-2.40773
7	-48

v o
15
8	0.397333
8	0.70637
8	3.41184
11	-0.943968
10	0.509861
6	-1.49535
8	-48

v u
15
8	0.684823
8	1.21746
8	3.21846
11	-3.31224
10	1.0731
6	-0.690292
8	-48

v y
15
8	0.30302
8	0.538702
8	3.51909
11	-3.31224
10	1.0731
6	-0.690292
8	-48

w a
18
9	1.8903
9	3.36053
9	5.77529
9	-2.36082
2	0.704983
2	0.636318
9	-72

w e
14
7	1.46486
7	2.60419
7	5.32737
9	-2.17586
7	0.644041
7	0.594557
7	-72

w i
14
7	1.03942
7	1.84786
7	4.87945
9	-1.99089
7	0.5831
7	0.552796
7	-72

w o
15
8	1.47861
8	2.62864
8	5.28802
11	-2.65755
10	1.48709
13	1.07853
8	-72

w u
15
8	1.06692
8	1.89675
8	4.80075
11	-2.95428
10	2.26921
13	1.52074
8	-72

w y
15
8	1.05317
8	1.8723
8	4.8401
11	-2.95428
10	2.26921
13	1.52074
8	-72

z a
12
6	1.97196
6	3.50571
6	7.86724
5	1.90222
8	-0.147387
8	-0.050406
6	-84

z e
10
5	1.71421
5	3.04749
5	7.07234
3	2.37383
5	-0.437895
5	-0.281916
5	-84

z i
10
5	1.45646
5	2.58926
5	6.27743
3	2.84544
5	-0.728403
5	-0.513427
5	-84

z o
20
7	2.09453
7	3.72361
7	6.94031
14	-0.838876
11	0.966497
11	0.609046
8	-84

z u
17
7	2.2171
7	3.94151
7	4.73337
14	-2.64827
11	2.08038
11	1.2685
8	-84

z y
20
7	1.83678
7	3.26539
7	5.5054
14	-2.64827
11	2.08038
11	1.2685
8	-84
