
#
40
30	4.73576	3.588
30	8.41914	6.37867
30	15.8837	13.6282
26	1.85533	1.74384
20	-0.423807	-0.330399
25	-0.218603	-0.227499
20	-108	-86.4

b
40
20	2.55346	2.2248
20	4.53948	3.9552
20	8.3782	7.6009
26	1.87651	2.02986
20	-0.322307	-0.340899
25	-0.186103	-0.167499
20	-60	-48

tS
35
15	4.01366	3.6204
15	7.1354	6.43627
15	12.5001	11.3093
16	-1.0288	-1.32071
17	0.231714	0.194603
13	0.160811	0.363499
18	-84	-67.2

d
35
15	5.35743	4.74
15	9.52431	8.42667
15	16.9668	14.7482
16	2.19593	2.14326
17	-0.726867	-0.599897
13	-0.42346	-0.361502
18	-96	-76.8

f
60
35	3.45476	2.3924
35	6.1418	4.25316
35	10.6303	8.68605
15	2.22382	2.24078
33	-0.676153	-0.648896
25	-1.05547	-1.2765
30	-72	-57.6

g
25
11	5.48012	4.992
11	9.74243	8.87467
11	17.3517	16.0282
8	2.33763	2.5515
12	-0.656867	-0.634897
13	-0.39846	-0.386502
13	-108	-86.4

k
25
11	5.48012	4.992
11	9.74243	8.87467
11	17.3517	16.0282
8	2.33763	2.5515
12	-0.656867	-0.634897
13	-0.39846	-0.386502
13	-108	-86.4

l
50
21	6.25262	5.484
21	11.1158	9.74933
21	19.0352	14.7802
18	2.58509	2.74176
20	-0.656867	-0.634897
20	-0.39846	-0.386502
25	-120	-96

m
40
20	2.55346	2.2248
20	4.53948	3.9552
20	8.3782	7.6009
26	1.87651	2.02986
20	-0.322307	-0.340899
25	-0.186103	-0.167499
20	-60	-48

n
25
11	5.48012	4.992
11	9.74243	8.87467
11	17.3517	16.0282
8	2.33763	2.5515
12	-0.656867	-0.634897
13	-0.39846	-0.386502
13	-108	-86.4

p
40
20	2.55346	2.2248
20	4.53948	3.9552
20	8.3782	7.6009
26	1.87651	2.02986
20	-0.322307	-0.340899
25	-0.186103	-0.167499
20	-60	-48

r
25
11	5.48012	4.992
11	9.74243	8.87467
11	17.3517	16.0282
8	2.33763	2.5515
12	-0.656867	-0.634897
13	-0.39846	-0.386502
13	-108	-86.4

s
35
15	5.35743	4.74
15	9.52431	8.42667
15	16.9668	14.7482
16	2.19593	2.14326
17	-0.726867	-0.599897
13	-0.42346	-0.361502
18	-96	-76.8

SS
35
15	4.01366	3.6204
15	7.1354	6.43627
15	12.5001	11.3093
16	-1.0288	-1.32071
17	0.231714	0.194603
13	0.160811	0.363499
18	-84	-67.2

t
35
15	5.35743	4.74
15	9.52431	8.42667
15	16.9668	14.7482
16	2.19593	2.14326
17	-0.726867	-0.599897
13	-0.42346	-0.361502
18	-96	-76.8

th
35
15	5.35743	4.74
15	9.52431	8.42667
15	16.9668	14.7482
16	2.19593	2.14326
17	-0.726867	-0.599897
13	-0.42346	-0.361502
18	-96	-76.8

v
60
35	3.45476	2.3924
35	6.1418	4.25316
35	10.6303	8.68605
15	2.22382	2.24078
33	-0.676153	-0.648896
25	-1.05547	-1.2765
30	-72	-57.6

w
60
35	3.45476	2.3924
35	6.1418	4.25316
35	10.6303	8.68605
15	-1.64916	-1.80286
33	0.212127	0.450101
25	0.269533	0.548498
30	-84	-67.2

z
35
15	5.35743	4.74
15	9.52431	8.42667
15	16.9668	14.7482
16	1.56593	1.51326
17	-0.726867	-0.599897
13	-0.42346	-0.361502
18	-96	-76.8
