
#
14
7	2.93	2.364
7	5.20889	4.20267
7	10.5218	7.05216
9	1.73119	1.55484
2	-0.35262	-0.246399
3	-0.1042	-0.085998
7	-108	-86.4

b
14
7	1.542	1.2744
7	2.74133	2.2656
7	5.83311	3.8473
9	1.62271	1.80306
2	-0.303622	-0.298899
3	-0.156113	-0.172498
7	-60	-48

tS
15
10	2.26493	2.20534
10	4.02654	3.9206
10	7.07569	6.69491
11	-0.842876	-1.035
3	0.270237	0.529901
5	0.175807	0.368497
8	-84	-67.2

d
10
6	3.17049	2.958
6	5.63643	5.25867
6	11.3773	10.9242
4	1.91951	1.8837
5	-0.612402	-0.547399
5	-0.381361	-0.331502
5	-96	-76.8

f
12
6	1.93446	1.7136
6	3.43903	3.0464
6	7.79073	7.36691
6	2.03531	2.01399
4	-0.564077	-0.550899
10	-0.873792	-0.996503
6	-72	-57.6

g
15
7	3.76332	3.684
7	6.69035	6.54933
7	13.1562	12.7002
10	2.11144	2.268
11	-0.545275	-0.522898
11	-0.338336	-0.306502
8	-108	-86.4

k
15
7	3.76332	3.684
7	6.69035	6.54933
7	13.1562	12.7002
10	2.11144	2.268
11	-0.545275	-0.522898
11	-0.338336	-0.306502
8	-108	-86.4

l
20
10	4.05306	4.0104
10	7.20544	7.1296
10	13.1472	13.1002
9	2.43972	2.55276
11	-0.545275	-0.522898
11	-0.338336	-0.306502
10	-120	-96

m
14
7	1.542	1.2744
7	2.74133	2.2656
7	5.83311	3.8473
9	1.62271	1.80306
2	-0.303622	-0.298899
3	-0.156113	-0.172498
7	-60	-48

n
15
7	3.76332	3.684
7	6.69035	6.54933
7	13.1562	12.7002
10	2.11144	2.268
11	-0.545275	-0.522898
11	-0.338336	-0.306502
8	-108	-86.4

p
14
7	1.686	1.4184
7	2.99733	2.5216
7	6.02511	5.1913
9	1.62271	1.80306
2	-0.303622	-0.298899
3	-0.156113	-0.172498
7	-60	-48

r
15
7	3.76332	3.684
7	6.69035	6.54933
7	13.1562	12.7002
10	2.11144	2.268
11	-0.545275	-0.522898
11	-0.338336	-0.306502
8	-108	-86.4

s
10
6	3.17049	2.958
6	5.63643	5.25867
6	11.3773	10.9242
4	1.91951	1.8837
2	-0.612402	-0.547399
5	-0.381361	-0.331502
5	-96	-76.8

SS
15
10	2.26493	2.20534
10	4.02654	3.9206
10	7.07569	6.69491
11	-0.842876	-1.035
3	0.270237	0.529901
5	0.175807	0.368497
8	-84	-67.2

t
10
6	3.17049	2.958
6	5.63643	5.25867
6	11.3773	10.9242
4	1.91951	1.8837
2	-0.612402	-0.547399
5	-0.381361	-0.331502
5	-96	-76.8

th
10
6	3.17049	2.958
6	5.63643	5.25867
6	11.3773	10.9242
4	1.91951	1.8837
2	-0.612402	-0.547399
5	-0.381361	-0.331502
5	-96	-76.8

v
12
6	1.93446	1.7136
6	3.43903	3.0464
6	7.79073	7.36691
6	2.03531	2.01399
4	-0.564077	-0.550899
10	-0.873792	-0.996503
6	-72	-57.6

w
12
6	1.93446	1.7136
6	3.43903	3.0464
6	7.79073	7.36691
6	-1.35343	-1.87428
4	0.347831	0.483001
10	0.276208	0.453497
6	-84	-67.2

z
10
6	3.17049	2.958
6	5.63643	5.25867
6	11.3773	10.9242
4	1.91951	1.8837
2	-0.612402	-0.547399
5	-0.381361	-0.331502
5	-96	-76.8
