
#
14
7	2.75806	2.208
7	4.90321	3.92533
7	9.80738	8.79616
9	2.19617	2.13444
2	-0.602771	-0.4669
3	-0.0980875	-0.0835
7	-108	-86.4

b
14
7	1.51084	1.3248
7	2.68593	2.3552
7	5.69243	5.27769
9	2.10585	2.2748
2	-0.462773	-0.501899
3	-0.201913	-0.2665
7	-60	-48

tS
15
10	2.32512	2.2176
10	4.13354	3.9424
10	6.01154	5.41811
11	-0.808627	-1.05286
3	0.358441	0.616699
5	0.219591	0.418499
8	-84	-67.2

d
10
6	2.72458	2.556
6	4.8437	4.544
6	10.4809	10.2042
4	2.41898	2.22264
5	-0.913077	-0.907898
5	-0.613427	-0.581502
5	-96	-76.8

f
12
6	1.56678	1.3944
6	2.78539	2.47893
6	6.80441	6.40371
6	2.41493	2.52428
4	-0.949626	-1.0129
10	-0.81386	-0.936503
6	-72	-57.6

g
15
7	3.53036	3.504
7	6.27619	6.22933
7	12.3394	12.2202
10	3.08269	3.18276
11	-0.913077	-0.907898
11	-0.613427	-0.581502
8	-108	-86.4

k
15
7	3.53036	3.504
7	6.27619	6.22933
7	12.3394	12.2202
10	3.08269	3.18276
11	-0.913077	-0.907898
11	-0.613427	-0.581502
8	-108	-86.4

l
20
10	3.71412	3.6768
10	6.60287	6.53653
10	11.8342	11.8682
9	3.20869	3.30876
11	-0.913077	-0.907898
11	-0.613427	-0.581502
10	-120	-96

m
14
7	1.51084	1.3248
7	2.68593	2.3552
7	5.69243	5.27769
9	2.10585	2.2748
2	-0.462773	-0.501899
3	-0.201913	-0.2665
7	-60	-48

n
15
7	3.53036	3.504
7	6.27619	6.22933
7	12.3394	12.2202
10	3.08269	3.18276
11	-0.913077	-0.907898
11	-0.613427	-0.581502
8	-108	-86.4

p
14
7	1.51084	1.3248
7	2.68593	2.3552
7	5.69243	5.27769
9	2.10585	2.2748
2	-0.462773	-0.501899
3	-0.201913	-0.2665
7	-60	-48

r
15
7	3.53036	3.504
7	6.27619	6.22933
7	12.3394	12.2202
10	3.08269	3.18276
11	-0.913077	-0.907898
11	-0.613427	-0.581502
8	-108	-86.4

s
10
6	2.72458	2.556
6	4.8437	4.544
6	10.4809	10.2042
4	2.41898	2.22264
2	-0.913077	-0.907898
5	-0.613427	-0.581502
5	-96	-76.8

SS
15
10	2.32512	2.2176
10	4.13354	3.9424
10	6.01154	5.41811
11	-0.808627	-1.05286
3	0.358441	0.616699
5	0.219591	0.418499
8	-84	-67.2

t
10
6	2.72458	2.556
6	4.8437	4.544
6	10.4809	10.2042
4	2.41898	2.22264
2	-0.913077	-0.907898
5	-0.613427	-0.581502
5	-96	-76.8

th
10
6	2.72458	2.556
6	4.8437	4.544
6	10.4809	10.2042
4	2.41898	2.22264
2	-0.913077	-0.907898
5	-0.613427	-0.581502
5	-96	-76.8

v
12
6	1.56678	1.3944
6	2.78539	2.47893
6	6.80441	6.40371
6	2.41493	2.52428
4	-0.949626	-1.0129
10	-0.81386	-0.936503
6	-72	-57.6

w
12
6	1.56678	1.3944
6	2.78539	2.47893
6	6.80441	6.40371
6	-1.09255	-1.83857
4	0.310373	0.387101
10	0.33614	0.463497
6	-84	-67.2

z
10
6	2.72458	2.556
6	4.8437	4.544
6	10.4809	10.2042
4	2.41898	2.22264
2	-0.913077	-0.907898
5	-0.613427	-0.581502
5	-96	-76.8
