
#
40
30	4.11444	3.576
30	7.31455	6.35733
30	13.4356	12.6682
26	2.32465	2.13444
20	-0.697442	-0.536899
25	-0.312538	-0.3815
20	-108	-86.4

b
40
20	2.18066	2.0016
20	3.87673	3.5584
20	7.29338	6.8329
26	2.33041	2.50161
20	-0.494442	-0.557899
25	-0.247538	-0.2615
20	-60	-48

tS
35
15	3.22488	3.0912
15	5.73312	5.49547
15	10.7794	9.80851
16	-1.02291	-1.41
17	0.14521	0.345103
13	0.103073	0.383499
18	-84	-67.2

d
35
15	4.21659	4.032
15	7.49616	7.168
15	13.6277	12.2202
16	2.69426	2.42676
17	-1.05099	-0.984897
13	-0.692533	-0.616503
18	-96	-76.8

f
60
35	2.79165	1.5456
35	4.96294	2.74773
35	8.778	6.80691
15	2.63072	2.75108
33	-1.09403	-1.1319
25	-0.997252	-1.2565
30	-72	-57.6

g
25
11	4.08448	3.984
11	7.26129	7.08267
11	13.4564	12.9882
8	3.22058	3.37176
12	-1.05099	-0.984897
13	-0.692533	-0.616503
13	-108	-86.4

k
25
11	4.08448	3.984
11	7.26129	7.08267
11	13.4564	12.9882
8	3.22058	3.37176
12	-1.05099	-0.984897
13	-0.692533	-0.616503
13	-108	-86.4

l
50
21	5.23324	4.32
21	9.30353	7.68
21	16.1222	13.5642
18	3.34658	3.49776
20	-1.05099	-0.984897
20	-0.692533	-0.616503
25	-120	-96

m
40
20	2.18066	2.0016
20	3.87673	3.5584
20	7.29338	6.8329
26	2.33041	2.50161
20	-0.494442	-0.557899
25	-0.247538	-0.2615
20	-60	-48

n
25
11	4.08448	3.984
11	7.26129	7.08267
11	13.4564	12.9882
8	3.22058	3.37176
12	-1.05099	-0.984897
13	-0.692533	-0.616503
13	-108	-86.4

p
40
20	2.18066	2.0016
20	3.87673	3.5584
20	7.29338	6.8329
26	2.33041	2.50161
20	-0.494442	-0.557899
25	-0.247538	-0.2615
20	-60	-48

r
25
11	4.08448	3.984
11	7.26129	7.08267
11	13.4564	12.9882
8	3.22058	3.37176
12	-1.05099	-0.984897
13	-0.692533	-0.616503
13	-108	-86.4

s
35
15	4.21659	4.032
15	7.49616	7.168
15	13.6277	12.2202
16	2.69426	2.42676
17	-1.05099	-0.984897
13	-0.692533	-0.616503
18	-96	-76.8

SS
35
15	3.22488	3.0912
15	5.73312	5.49547
15	10.7794	9.80851
16	-1.02291	-1.41
17	0.14521	0.345103
13	0.103073	0.383499
18	-84	-67.2

t
35
15	4.21659	4.032
15	7.49616	7.168
15	13.6277	12.2202
16	2.69426	2.42676
17	-1.05099	-0.984897
13	-0.692533	-0.616503
18	-96	-76.8

th
35
15	4.21659	4.032
15	7.49616	7.168
15	13.6277	12.2202
16	2.69426	2.42676
17	-1.05099	-0.984897
13	-0.692533	-0.616503
18	-96	-76.8

v
60
35	2.79165	1.5456
35	4.96294	2.74773
35	8.778	6.80691
15	2.63072	2.75108
33	-1.09403	-1.1319
25	-0.997252	-1.2565
30	-72	-57.6

w
60
35	2.79165	1.5456
35	4.96294	2.74773
35	8.778	6.80691
15	-1.37133	-1.48143
33	0.165974	0.478099
25	0.402748	0.693497
30	-84	-67.2

z
35
15	4.21659	4.032
15	7.49616	7.168
15	13.6277	12.2202
16	1.43426	1.16676
17	-1.05099	-0.984897
13	-0.692533	-0.616503
18	-96	-76.8
