
#
44
16	4.52599	3.498
16	8.04621	6.21867
16	15.0067	12.1562
31	-0.644692	-0.578571
27	0.75109	0.6146
39	0.455003	0.397501
22	-96	-76.8

b
44
22	2.2116	2.0988
22	3.93173	3.7312
22	7.85203	6.9097
31	-0.982573	-0.999999
27	0.82109	0.859601
39	0.555004	0.611174
22	-48	-38.4

tS
34
10	3.54455	2.85516
10	6.30141	5.07584
8	10.6862	8.97971
10	-1.68255	-1.92786
8	1.56433	1.4686
15	1.04387	1.1285
17	-72	-57.6

d
33
15	4.66621	4.044
15	8.29549	7.18933
15	13.9632	12.2042
24	-0.859392	-0.770786
20	0.752394	0.884103
22	0.516331	0.555997
17	-84	-67.2

f
40
18	3.25377	2.6108
18	5.78449	4.64143
18	9.85853	8.12605
18	-0.862759	-0.945715
32	0.328797	0.436103
30	-0.0747035	-0.201502
20	-60	-48

g
40
20	5.1361	3.978
20	9.13084	7.072
20	16.109	13.3722
20	-0.857075	-0.813215
25	0.60237	0.534101
32	0.582055	0.5435
20	-96	-76.8

k
40
20	5.1361	3.978
20	9.13084	7.072
20	16.109	13.3722
20	-0.857075	-0.813215
25	0.60237	0.534101
32	0.582055	0.5435
20	-96	-76.8

l
35
13	5.41998	4.956
13	9.63552	8.81067
10	16.511	12.4762
17	-0.808228	-0.802929
25	0.632679	0.639102
25	0.457056	0.455997
18	-108	-86.4

m
44
22	2.2116	2.0988
22	3.93173	3.7312
22	7.85203	6.9097
31	-0.982573	-0.999999
27	0.82109	0.859601
39	0.555004	0.611174
22	-48	-38.4

n
40
20	5.1361	3.978
20	9.13084	7.072
20	16.109	13.3722
20	-0.857075	-0.813215
25	0.60237	0.534101
32	0.582055	0.5435
20	-96	-76.8

p
44
22	2.2116	2.0988
22	3.93173	3.7312
22	7.85203	6.9097
31	-0.982573	-0.999999
27	0.82109	0.859601
39	0.555004	0.611174
22	-48	-38.4

r
40
20	5.1361	3.978
20	9.13084	7.072
20	16.109	13.3722
20	-0.857075	-0.813215
25	0.60237	0.534101
32	0.582055	0.5435
20	-96	-76.8

s
33
15	4.66621	4.044
15	8.29549	7.18933
15	13.9632	12.2042
24	-0.859392	-0.770786
20	0.752394	0.884103
22	0.516331	0.555997
17	-84	-67.2

SS
34
20	3.54455	2.85516
20	6.30141	5.07584
20	10.6862	8.97971
10	-1.68255	-1.92786
8	0.794333	1.1536
15	0.593874	0.803497
17	-72	-57.6

t
33
15	4.66621	4.044
15	8.29549	7.18933
15	13.9632	12.2042
24	-0.859392	-0.770786
20	0.752394	0.884103
22	0.516331	0.555997
17	-84	-67.2

th
33
15	4.66621	4.044
15	8.29549	7.18933
15	13.9632	12.2042
24	-0.859392	-0.770786
20	0.752394	0.884103
22	0.516331	0.555997
17	-84	-67.2

v
40
18	3.25377	2.6108
18	5.78449	4.64143
18	9.85853	8.12605
18	-0.862759	-0.945715
32	0.328797	0.436103
30	-0.0747035	-0.201502
20	-60	-48

w
40
8	3.25377	2.6108
8	5.78449	4.64143
8	9.85853	8.12605
18	-2.4699	-2.62429
32	1.18208	1.3251
30	0.800296	0.973499
20	-72	-57.6

z
33
15	4.66621	4.044
15	8.29549	7.18933
15	13.9632	12.2042
24	-0.859392	-0.770786
20	0.752394	0.884103
22	0.516331	0.555997
17	-84	-67.2
