
#
16
8	2.74257	2.316
8	4.87568	4.11733
10	9.48429	6.36416
9	-0.518352	-0.498214
10	0.647326	0.628601
11	0.425366	0.365
8	-96	-76.8

b
16
8	1.50154	1.2456
8	2.66941	2.2144
8	5.30657	3.4345
9	-0.968804	-0.946428
10	0.731326	0.768602
11	0.475367	0.520001
8	-48	-38.4

tS
20
10	1.91653	1.89286
10	3.40717	3.36508
10	5.79197	5.55475
15	-1.40781	-1.66
10	1.32806	1.4931
13	0.932715	1.0435
10	-72	-57.6

d
14
8	3.1138	2.9652
8	5.53565	5.27147
8	9.68695	9.18016
9	-0.657961	-0.72257
5	0.709688	0.7896
5	0.447101	0.518499
7	-84	-67.2

f
15
9	2.02664	1.848
9	3.60292	3.28533
9	6.89068	6.57171
10	-0.77352	-0.927855
8	0.334756	0.439601
8	0.0074765	-0.246502
8	-60	-48

g
15
7	3.28278	3.2148
7	5.83605	5.7152
7	10.5037	10.6202
9	-0.729347	-0.77143
12	0.67636	0.565603
13	0.701902	0.513498
8	-96	-76.8

k
15
7	3.28278	3.2148
7	5.83605	5.7152
7	10.5037	10.6202
9	-0.729347	-0.77143
12	0.67636	0.565603
13	0.701902	0.513498
8	-96	-76.8

l
30
8	3.73978	3.708
8	6.64849	6.592
12	11.5245	11.3754
15	-0.787024	-0.818999
10	0.64136	0.670602
10	0.451902	0.488497
15	-108	-86.4

m
16
8	1.50154	1.2456
8	2.66941	2.2144
8	5.30657	3.4345
9	-0.968804	-0.946428
10	0.731326	0.768602
11	0.475367	0.520001
8	-48	-38.4

n
15
7	3.28278	3.2148
7	5.83605	5.7152
7	10.5037	10.6202
9	-0.729347	-0.77143
12	0.67636	0.565603
13	0.701902	0.513498
8	-96	-76.8

p
16
8	1.64554	1.3896
8	2.92541	2.4704
8	5.49857	4.7785
9	-0.968804	-0.946428
10	0.731326	0.768602
11	0.475367	0.520001
8	-48	-38.4

r
15
7	3.28278	3.2148
7	5.83605	5.7152
7	10.5037	10.6202
9	-0.729347	-0.77143
12	0.67636	0.565603
13	0.701902	0.513498
8	-96	-76.8

s
14
8	3.1138	2.9652
8	5.53565	5.27147
8	9.68695	9.18016
9	-0.657961	-0.72257
5	0.709688	0.7896
5	0.447101	0.518499
7	-84	-67.2

SS
20
10	1.91653	1.89286
10	3.40717	3.36508
10	5.79197	5.55475
15	-1.40781	-1.66
10	1.43306	1.4231
13	1.43271	1.4935
10	-72	-57.6

t
14
8	3.1138	2.9652
8	5.53565	5.27147
8	9.68695	9.18016
9	-0.657961	-0.72257
5	0.709688	0.7896
5	0.447101	0.518499
7	-84	-67.2

th
14
8	3.1138	2.9652
8	5.53565	5.27147
8	9.68695	9.18016
9	-0.657961	-0.72257
5	0.709688	0.7896
5	0.447101	0.518499
7	-84	-67.2

v
15
9	2.02664	1.848
9	3.60292	3.28533
9	6.89068	6.57171
10	-0.77352	-0.927855
8	0.334756	0.439601
8	0.0074765	-0.246502
8	-60	-48

w
15
8	2.02664	1.848
8	3.60292	3.28533
11	6.89068	6.57171
10	-2.28069	-2.46357
8	1.21167	1.3685
13	0.832478	0.953498
8	-72	-57.6

z
14
8	3.1138	2.9652
8	5.53565	5.27147
8	9.68695	9.18016
9	-0.657961	-0.72257
5	0.709688	0.7896
5	0.447101	0.518499
7	-84	-67.2
