
#
16
8	2.3832	2.112
8	4.23681	3.75467
10	7.73226	7.42016
9	-1.68273	-1.494
10	1.39712	1.2831
11	0.961046	0.818497
8	-96	-76.8

b
16
8	1.42992	1.2672
8	2.54208	2.2528
8	4.63935	4.4521
9	-2.65541	-2.73143
10	1.60712	1.6331
11	1.06105	1.1185
8	-48	-38.4

tS
20
10	1.62832	1.59264
10	2.8948	2.83136
10	3.44411	3.13779
15	-1.9385	-2.30286
10	2.47408	2.5431
13	1.73341	1.7685
10	-72	-57.6

d
14
8	2.6112	2.5704
8	4.64213	4.5696
8	7.10016	6.71616
9	-2.04043	-2.23329
5	1.7311	1.7661
5	1.0435	1.1185
7	-84	-67.2

f
15
9	1.75115	1.6632
9	3.11316	2.9568
9	5.00432	4.81331
10	-2.58992	-2.80285
8	0.848041	0.968101
8	0.948677	0.5635
8	-60	-48

g
15
7	2.56927	2.5656
7	4.5676	4.56107
7	7.03438	8.06016
9	-2.04043	-2.23329
12	1.53019	1.2691
13	1.46705	1.0585
8	-96	-76.8

k
15
7	2.56927	2.5656
7	4.5676	4.56107
7	7.03438	8.06016
9	-2.04043	-2.23329
12	1.53019	1.2691
13	1.46705	1.0585
8	-96	-76.8

l
30
8	3.08755	3.072
8	5.48899	5.46133
12	8.58892	8.41856
15	-2.42648	-2.55471
10	1.46019	1.4791
10	0.967049	1.0085
15	-108	-86.4

m
16
8	1.42992	1.2672
8	2.54208	2.2528
8	4.63935	4.4521
9	-2.65541	-2.73143
10	1.60712	1.6331
11	1.06105	1.1185
8	-48	-38.4

n
15
7	2.56927	2.5656
7	4.5676	4.56107
7	7.03438	8.06016
9	-2.04043	-2.23329
12	1.53019	1.2691
13	1.46705	1.0585
8	-96	-76.8

p
16
8	1.42992	1.2672
8	2.54208	2.2528
8	4.63935	4.4521
9	-2.65541	-2.73143
10	1.60712	1.6331
11	1.06105	1.1185
8	-48	-38.4

r
15
7	2.56927	2.5656
7	4.5676	4.56107
7	7.03438	8.06016
9	-2.04043	-2.23329
12	1.53019	1.2691
13	1.46705	1.0585
8	-96	-76.8

s
14
8	2.6112	2.5704
8	4.64213	4.5696
8	7.10016	6.71616
9	-2.04043	-2.23329
5	1.7311	1.7661
5	1.0435	1.1185
7	-84	-67.2

SS
20
10	1.62832	1.59264
10	2.8948	2.83136
10	3.44411	3.13779
15	-1.9385	-2.30286
10	2.68408	2.4031
13	2.73341	2.6685
10	-72	-57.6

t
14
8	2.6112	2.5704
8	4.64213	4.5696
8	7.10016	6.71616
9	-2.04043	-2.23329
5	1.7311	1.7661
5	1.0435	1.1185
7	-84	-67.2

th
14
8	2.6112	2.5704
8	4.64213	4.5696
8	7.10016	6.71616
9	-2.04043	-2.23329
5	1.7311	1.7661
5	1.0435	1.1185
7	-84	-67.2

v
15
9	1.75115	1.6632
9	3.11316	2.9568
9	5.00432	4.81331
10	-2.58992	-2.80285
8	0.848041	0.968101
8	0.948677	0.5635
8	-60	-48

w
15
8	1.75115	1.6632
8	3.11316	2.9568
11	5.00432	4.81331
10	-2.94707	-3.01714
8	2.03804	2.1581
13	1.44868	1.4635
8	-72	-57.6

z
14
8	2.6112	2.5704
8	4.64213	4.5696
8	7.10016	6.71616
9	-2.04043	-2.23329
5	1.7311	1.7661
5	1.0435	1.1185
7	-84	-67.2
