
#
44
16	3.6949	3.396
16	6.5687	6.03733
16	11.6817	9.72416
31	-1.99653	-1.84757
27	1.65235	1.3531
39	1.03468	0.8685
22	-96	-76.8

b
44
22	1.49694	1.7496
22	2.66122	3.1104
22	6.24104	5.4505
31	-2.86122	-2.98143
27	1.79235	1.8431
39	1.23468	1.29585
22	-48	-38.4

tS
34
10	2.28665	1.56072
10	4.06516	2.77461
8	7.15152	5.14931
10	-2.33042	-2.62429
8	2.81045	2.8931
15	1.8692	1.9135
17	-72	-57.6

d
33
15	2.83416	2.64
15	5.03851	4.69333
15	7.62052	7.13216
24	-2.5849	-2.49043
20	1.90753	1.9831
22	1.18705	1.2185
17	-84	-67.2

f
40
18	2.38968	1.9824
18	4.24832	3.52427
18	7.23441	5.68691
18	-2.86996	-2.98143
32	0.915876	1.0381
30	0.964275	0.893498
20	-60	-48

g
40
20	3.39644	1.956
20	6.03811	3.47733
20	10.971	7.67616
20	-2.45633	-2.50971
25	1.46748	1.3531
32	1.2685	1.2435
20	-96	-76.8

k
40
20	3.39644	1.956
20	6.03811	3.47733
20	10.971	7.67616
20	-2.45633	-2.50971
25	1.46748	1.3531
32	1.2685	1.2435
20	-96	-76.8

l
35
13	3.56796	3.264
13	6.34304	5.80267
10	11.0739	8.95616
17	-2.54686	-2.619
25	1.5281	1.5631
25	1.0185	1.0685
18	-108	-86.4

m
44
22	1.49694	1.7496
22	2.66122	3.1104
22	6.24104	5.4505
31	-2.86122	-2.98143
27	1.79235	1.8431
39	1.23468	1.29585
22	-48	-38.4

n
40
20	3.39644	1.956
20	6.03811	3.47733
20	10.971	7.67616
20	-2.45633	-2.50971
25	1.46748	1.3531
32	1.2685	1.2435
20	-96	-76.8

p
44
22	1.49694	1.7496
22	2.66122	3.1104
22	6.24104	5.4505
31	-2.86122	-2.98143
27	1.79235	1.8431
39	1.23468	1.29585
22	-48	-38.4

r
40
20	3.39644	1.956
20	6.03811	3.47733
20	10.971	7.67616
20	-2.45633	-2.50971
25	1.46748	1.3531
32	1.2685	1.2435
20	-96	-76.8

s
33
15	2.83416	2.64
15	5.03851	4.69333
15	7.62052	7.13216
24	-2.5849	-2.49043
20	1.90753	1.9831
22	1.18705	1.2185
17	-84	-67.2

SS
34
20	2.28665	1.56072
20	4.06516	2.77461
20	7.15152	5.14931
10	-2.33042	-2.62429
8	1.27045	2.2631
15	0.9692	1.2635
17	-72	-57.6

t
33
15	2.83416	2.64
15	5.03851	4.69333
15	7.62052	7.13216
24	-2.5849	-2.49043
20	1.90753	1.9831
22	1.18705	1.2185
17	-84	-67.2

th
33
15	2.83416	2.64
15	5.03851	4.69333
15	7.62052	7.13216
24	-2.5849	-2.49043
20	1.90753	1.9831
22	1.18705	1.2185
17	-84	-67.2

v
40
18	2.38968	1.9824
18	4.24832	3.52427
18	7.23441	5.68691
18	-2.86996	-2.98143
32	0.915876	1.0381
30	0.964275	0.893498
20	-60	-48

w
40
8	2.38968	1.9824
8	4.24832	3.52427
8	7.23441	5.68691
18	-3.01282	-3.12429
32	2.10588	2.2281
30	1.46428	1.5435
20	-72	-57.6

z
33
15	2.83416	2.64
15	5.03851	4.69333
15	7.62052	7.13216
24	-2.5849	-2.49043
20	1.90753	1.9831
22	1.18705	1.2185
17	-84	-67.2
