
#
16
8	2.59882	2.2344
8	4.62013	3.97227
10	8.78347	6.78656
9	-1.68273	-1.494
10	1.39712	1.2831
11	0.961046	0.818497
8	-96	-76.8

b
16
8	1.47289	1.25424
8	2.61848	2.22976
8	5.03968	3.84154
9	-2.65541	-2.73143
10	1.60712	1.6331
11	1.06105	1.1185
8	-48	-38.4

tS
20
10	1.80125	1.77277
10	3.20222	3.15159
10	4.85283	4.58797
15	-1.9385	-2.30286
10	2.47408	2.5431
13	1.73341	1.7685
10	-72	-57.6

d
14
8	2.91276	2.80728
8	5.17824	4.99072
8	8.65224	8.19456
9	-2.04043	-2.23329
5	1.7311	1.7661
5	1.0435	1.1185
7	-84	-67.2

f
15
9	1.91645	1.77408
9	3.40702	3.15392
9	6.13614	5.86835
10	-2.58992	-2.80285
8	0.848041	0.968101
8	0.948677	0.5635
8	-60	-48

g
15
7	2.99738	2.95512
7	5.32867	5.25355
7	9.11596	9.59616
9	-2.04043	-2.23329
12	1.53019	1.2691
13	1.46705	1.0585
8	-96	-76.8

k
15
7	2.99738	2.95512
7	5.32867	5.25355
7	9.11596	9.59616
9	-2.04043	-2.23329
12	1.53019	1.2691
13	1.46705	1.0585
8	-96	-76.8

l
30
8	3.47889	3.4536
8	6.18469	6.13973
12	10.3503	10.1926
15	-2.42648	-2.55471
10	1.46019	1.4791
10	0.967049	1.0085
15	-108	-86.4

m
16
8	1.47289	1.25424
8	2.61848	2.22976
8	5.03968	3.84154
9	-2.65541	-2.73143
10	1.60712	1.6331
11	1.06105	1.1185
8	-48	-38.4

n
15
7	2.99738	2.95512
7	5.32867	5.25355
7	9.11596	9.59616
9	-2.04043	-2.23329
12	1.53019	1.2691
13	1.46705	1.0585
8	-96	-76.8

p
16
8	1.55929	1.34064
8	2.77208	2.38336
8	5.15488	4.64794
9	-2.65541	-2.73143
10	1.60712	1.6331
11	1.06105	1.1185
8	-48	-38.4

r
15
7	2.99738	2.95512
7	5.32867	5.25355
7	9.11596	9.59616
9	-2.04043	-2.23329
12	1.53019	1.2691
13	1.46705	1.0585
8	-96	-76.8

s
14
8	2.91276	2.80728
8	5.17824	4.99072
8	8.65224	8.19456
9	-2.04043	-2.23329
5	1.7311	1.7661
5	1.0435	1.1185
7	-84	-67.2

SS
20
10	1.80125	1.77277
10	3.20222	3.15159
10	4.85283	4.58797
15	-1.9385	-2.30286
10	2.68408	2.4031
13	2.73341	2.6685
10	-72	-57.6

t
14
8	2.91276	2.80728
8	5.17824	4.99072
8	8.65224	8.19456
9	-2.04043	-2.23329
5	1.7311	1.7661
5	1.0435	1.1185
7	-84	-67.2

th
14
8	2.91276	2.80728
8	5.17824	4.99072
8	8.65224	8.19456
9	-2.04043	-2.23329
5	1.7311	1.7661
5	1.0435	1.1185
7	-84	-67.2

v
15
9	1.91645	1.77408
9	3.40702	3.15392
9	6.13614	5.86835
10	-2.58992	-2.80285
8	0.848041	0.968101
8	0.948677	0.5635
8	-60	-48

w
15
8	1.91645	1.77408
8	3.40702	3.15392
11	6.13614	5.86835
10	-2.94707	-3.01714
8	2.03804	2.1581
13	1.44868	1.4635
8	-72	-57.6

z
14
8	2.91276	2.80728
8	5.17824	4.99072
8	8.65224	8.19456
9	-2.04043	-2.23329
5	1.7311	1.7661
5	1.0435	1.1185
7	-84	-67.2
