
#
10
5	6.7855	5.5125
5	3.10194	2.52
5	5.61816	2.65408
4	1.2662	0.975237
7	-0.0614817	-0.0155393
7	-0.066188	-0.053098
5	-126	-100.8

b
10
5	5.7355	4.4625
5	1.04878	0.816
5	1.99126	0.805632
4	0.88634	1.03547
7	-0.0866817	-0.0575393
7	-0.066188	-0.047098
5	-112	-89.6

tS
20
10	6.88981	6.85335
10	3.14963	3.13296
10	5.81417	5.69408
5	-0.986764	-1.14429
5	0.10922	0.265861
5	0.079214	0.191098
5	-112	-89.6

d
12
7	7.91088	7.35
7	3.6164	3.36
7	6.13687	5.82208
10	1.42003	1.54476
8	-0.187036	-0.11214
8	-0.0895765	-0.0489005
6	-112	-89.6

f
18
9	7.19416	6.3525
9	2.95988	2.6136
9	5.64239	5.35507
10	1.65568	1.50369
2	-0.107117	-0.05334
13	-0.560234	-0.633902
9	-126	-100.8

g
14
7	8.74187	8.4525
7	3.99629	3.864
7	6.98649	6.59008
9	1.1402	1.35324
8	-0.106483	-0.0827386
8	-0.0379465	-0.0189015
7	-126	-100.8

k
14
7	8.74187	8.4525
7	3.99629	3.864
7	6.98649	6.59008
9	1.1402	1.35324
8	-0.106483	-0.0827386
8	-0.0379465	-0.0189015
7	-126	-100.8

l
20
10	9.6075	9.5025
10	4.392	4.344
10	7.23008	7.16608
7	1.67076	1.79676
14	-0.106483	-0.0827386
14	-0.0379465	-0.0189015
10	-140	-112

m
10
5	5.7355	4.4625
5	1.04878	0.816
5	1.99126	0.805632
4	0.88634	1.03547
7	-0.0866817	-0.0575393
7	-0.066188	-0.047098
5	-112	-89.6

n
14
7	8.74187	8.4525
7	3.99629	3.864
7	6.98649	6.59008
9	1.1402	1.35324
8	-0.106483	-0.0827386
8	-0.0379465	-0.0189015
7	-126	-100.8

p
10
5	6.7855	5.5125
5	1.24078	1.008
5	2.11926	1.70163
4	0.88634	1.03547
7	-0.0866817	-0.0575393
7	-0.066188	-0.047098
5	-112	-89.6

r
14
7	8.74187	8.4525
7	3.99629	3.864
7	6.98649	6.59008
9	1.1402	1.35324
8	-0.106483	-0.0827386
8	-0.0379465	-0.0189015
7	-126	-100.8

s
12
7	7.91088	7.35
7	3.6164	3.36
7	6.13687	5.82208
10	1.42003	1.54476
8	-0.187036	-0.11214
4	-0.0895765	-0.0489005
6	-112	-89.6

SS
20
10	6.88981	6.85335
10	3.14963	3.13296
10	5.81417	5.69408
5	-0.986764	-1.14429
5	0.10922	0.265861
5	0.079214	0.191098
10	-112	-89.6

t
12
7	7.91088	7.35
7	3.6164	3.36
7	6.13687	5.82208
10	1.42003	1.54476
8	-0.187036	-0.11214
4	-0.0895765	-0.0489005
6	-112	-89.6

th
12
7	7.91088	7.35
7	3.6164	3.36
7	6.13687	5.82208
10	1.42003	1.54476
8	-0.187036	-0.11214
4	-0.0895765	-0.0489005
6	-112	-89.6

v
18
9	7.19416	6.3525
9	2.95988	2.6136
9	5.64239	5.35507
10	1.65568	1.50369
2	-0.107117	-0.05334
13	-0.560234	-0.633902
9	-126	-100.8

w
18
9	7.19416	6.3525
9	3.28876	2.904
9	6.26932	5.95008
10	-1.8161	-2.14875
2	0.231174	0.34734
13	0.129766	0.266098
9	-112	-89.6

z
12
7	7.91088	7.35
7	3.6164	3.36
7	6.13687	5.82208
10	1.42003	1.54476
8	-0.187036	-0.11214
4	-0.0895765	-0.0489005
6	-112	-89.6
