
#
50
25	11.7186	7.875
25	5.35709	3.6
25	9.16584	7.29408
20	1.386	1.35324
35	-0.0901033	-0.0743393
35	-0.074801	-0.044099
25	-126	-100.8

b
50
25	10.6686	8.925
25	1.95084	1.632
25	3.15434	2.78963
20	1.10647	1.21187
35	-0.0901033	-0.0743393
35	-0.074801	-0.044099
25	-112	-89.6

tS
35
18	15.0076	12.9675
18	6.86063	5.928
18	10.1577	9.15008
5	-1.16402	-1.38536
18	0.190931	0.0264621
18	0.131129	0.206099
18	-112	-89.6

d
50
30	14.2149	11.9175
30	6.49826	5.448
30	10.153	8.63808
15	1.6976	1.85976
40	-0.241646	-0.128939
40	-0.092632	-0.0639005
25	-112	-89.6

f
50
30	12.8683	10.1225
30	5.2944	4.1647
30	8.02456	6.7919
16	1.81692	1.73048
36	-0.154969	-0.0995386
13	-0.668209	-0.777901
25	-126	-100.8

g
50
25	15.0407	13.125
25	6.87576	6
25	10.6235	9.53408
20	1.45468	1.73124
25	-0.157646	-0.170939
25	-0.062632	-0.0939005
25	-126	-100.8

k
50
25	15.0407	13.125
25	6.87576	6
25	10.6235	9.53408
20	1.45468	1.73124
25	-0.157646	-0.170939
25	-0.062632	-0.0939005
25	-126	-100.8

l
46
23	15.9075	14.5425
23	7.272	6.648
23	10.9741	7.99808
20	1.8236	1.98576
21	-0.157646	-0.170939
21	-0.062632	-0.0939005
23	-140	-112

m
50
25	10.6686	8.925
25	1.95084	1.632
25	3.15434	2.78963
20	1.10647	1.21187
35	-0.0901033	-0.0743393
35	-0.074801	-0.044099
25	-112	-89.6

n
50
25	15.0407	13.125
25	6.87576	6
25	10.6235	9.53408
20	1.45468	1.73124
25	-0.157646	-0.170939
25	-0.062632	-0.0939005
25	-126	-100.8

p
50
25	10.6686	8.925
25	1.95084	1.632
25	3.15434	2.78963
20	1.10647	1.21187
35	-0.0901033	-0.0743393
35	-0.074801	-0.044099
25	-112	-89.6

r
50
25	15.0407	13.125
25	6.87576	6
25	10.6235	9.53408
20	1.45468	1.73124
25	-0.157646	-0.170939
25	-0.062632	-0.0939005
25	-126	-100.8

s
50
30	14.2149	11.9175
30	6.49826	5.448
30	10.153	8.63808
15	1.6976	1.85976
40	-0.241646	-0.128939
40	-0.092632	-0.0639005
25	-112	-89.6

SS
35
18	15.0076	12.9675
18	6.86063	5.928
18	10.1577	9.15008
5	-1.16402	-1.38536
18	0.190931	0.0264621
18	0.131129	0.206099
18	-112	-89.6

t
50
30	14.2149	11.9175
30	6.49826	5.448
30	10.153	8.63808
15	1.6976	1.85976
40	-0.241646	-0.128939
40	-0.092632	-0.0639005
25	-112	-89.6

th
50
30	14.2149	11.9175
30	6.49826	5.448
30	10.153	8.63808
15	1.6976	1.85976
40	-0.241646	-0.128939
40	-0.092632	-0.0639005
25	-112	-89.6

v
50
30	12.8683	10.1225
30	5.2944	4.1647
30	8.02456	6.7919
16	1.81692	1.73048
36	-0.154969	-0.0995386
13	-0.668209	-0.777901
25	-126	-100.8

w
50
30	12.8683	10.1225
30	5.88267	4.62744
30	8.91617	7.54656
16	-2.16786	-2.38982
36	0.154969	0.253261
13	0.081791	0.242099
25	-112	-89.6

z
50
30	14.2149	11.9175
30	6.49826	5.448
30	10.153	8.63808
15	1.6976	1.85976
40	-0.241646	-0.128939
40	-0.092632	-0.0639005
25	-112	-89.6
