
# a
10
5	0.09
5	0.0144
5	0.0128
5	0.1764
5	0.042
5	0.03
5	-70

# e
10
5	0.09
5	0.0144
5	0.0128
5	0.1764
5	0.042
5	0.03
5	-70

# i
10
5	0.09
5	0.0144
5	0.0128
5	0.1764
5	0.042
5	0.03
5	-70

# o
10
5	0.09
5	0.0144
5	0.0128
5	0.1764
5	0.042
5	0.03
5	-70

# u
10
5	0.09
5	0.0144
5	0.0128
5	0.1764
5	0.042
5	0.03
5	-70

# y
10
5	0.09
5	0.0144
5	0.0128
5	0.1764
5	0.042
5	0.03
5	-70

b a
15
8	-2.025
8	-0.648
8	0.786048
9	1.57349
7	-0.0281407
7	-0.0110995
8	-84

b e
14
7	-1.94268
7	-0.621658
7	0.699787
11	1.86248
5	-0.343141
5	-0.165
7	-84

b i
14
7	-1.86036
7	-0.595315
7	0.613526
11	2.15147
5	-0.658141
5	-0.318901
7	-84

b o
16
8	-1.284
8	-0.410878
8	0.990464
10	-1.14539
6	0.391859
6	0.405001
8	-126

b u
16
8	-0.542991
8	-0.173757
8	1.19488
10	-3.86428
6	0.811859
6	0.8211
8	-168

b y
16
8	-1.20168
8	-0.384536
8	0.904203
10	-3.86428
6	0.811859
6	0.8211
8	-168

tS a
20
10	6.05119
10	1.93638
10	3.16911
10	-1.47799
9	0.886546
9	0.572944
10	-112

tS e
14
6	6.38227
6	2.04233
6	3.00199
8	-1.50544
8	0.713741
8	0.472349
7	-112

tS i
14
6	6.71335
6	2.14827
6	2.83488
8	-1.53288
8	0.540935
8	0.371754
7	-112

tS o
10
4	6.23182
4	1.99418
4	2.81385
5	-2.01635
4	1.37021
5	0.877021
5	-112

tS u
10
4	6.41245
4	2.05198
4	2.45859
5	-2.55471
4	1.85387
5	1.1811
5	-112

tS y
10
4	6.5629
4	2.10013
4	2.64674
5	-2.55471
4	1.85387
5	1.1811
5	-112

d a
12
6	6.16239
6	1.97196
6	3.93362
5	1.90222
8	-0.0884324
8	-0.0302435
6	-126

d e
10
5	5.35691
5	1.71421
5	3.53617
3	2.37383
5	-0.262737
5	-0.16915
5	-126

d i
10
5	4.55143
5	1.45646
5	3.13872
3	2.84544
5	-0.437042
5	-0.308056
5	-126

d o
17
7	6.54541
7	2.09453
7	3.47015
14	-0.838876
11	0.579898
11	0.365427
8	-126

d u
17
7	6.92844
7	2.2171
7	2.36669
14	-2.64827
11	1.24823
11	0.761099
8	-126

d y
17
7	5.73993
7	1.83678
7	2.7527
14	-2.64827
11	1.24823
11	0.761099
8	-126

f a
21
12	0.34326
12	0.109843
12	1.80262
11	1.4243
14	-0.0320264
4	-1.38024
11	-98

f e
14
7	0.0485316
7	0.0155304
5	1.85624
6	1.67201
10	-0.240083
2	-1.41244
7	-98

f i
14
7	-0.246195
7	-0.0787824
5	1.90986
6	1.91972
10	-0.448141
2	-1.44464
7	-98

f o
15
8	1.24167
8	0.397333
8	1.70592
11	-0.943968
10	0.305917
6	-0.897207
8	-98

f u
15
8	2.14007
8	0.684822
8	1.60923
11	-3.31224
10	0.643859
6	-0.414176
8	-98

f y
15
8	0.946939
8	0.30302
8	1.75954
11	-3.31224
10	0.643859
6	-0.414176
8	-98

g a
8
4	9.54825
4	3.05544
4	5.42343
4	1.84631
3	-0.243832
3	-0.144243
4	-126

g e
10
6	9.13079
6	2.92185
6	5.21654
7	2.64684
7	-0.527094
7	-0.338493
5	-126

g i
10
6	8.71333
6	2.78827
6	5.00965
7	3.44736
7	-0.810356
7	-0.532743
5	-126

g o
15
8	7.95909
8	2.54691
8	4.27244
4	-0.829226
12	0.236814
12	0.227646
8	-126

g u
15
8	6.36992
8	2.03838
8	3.12146
4	-2.60045
12	0.717459
12	0.599536
8	-126

g y
15
8	7.54163
8	2.41332
8	4.06555
4	-2.60045
12	0.717459
12	0.599536
8	-126

k a
8
4	9.54825
4	3.05544
4	5.42343
4	1.84631
3	-0.243832
3	-0.144243
4	-126

k e
10
6	9.13079
6	2.92185
6	5.21654
7	2.64684
7	-0.527094
7	-0.338493
5	-126

k i
10
6	8.71333
6	2.78827
6	5.00965
7	3.44736
7	-0.810356
7	-0.532743
5	-126

k o
15
8	7.95909
8	2.54691
8	4.27244
4	-0.829226
12	0.236814
12	0.227646
8	-126

k u
15
8	6.36992
8	2.03838
8	3.12146
4	-2.60045
12	0.717459
12	0.599536
8	-126

k y
15
8	7.54163
8	2.41332
8	4.06555
4	-2.60045
12	0.717459
12	0.599536
8	-126

l a
10
5	14.55
5	4.656
5	7.23008
3	2.09831
3	-0.243832
3	-0.144243
5	-140

l e
15
8	13.0384
8	4.17228
8	6.68608
6	2.83584
10	-0.527094
10	-0.338493
8	-140

l i
15
8	11.5267
8	3.68856
8	6.14208
6	3.57336
10	-0.810356
10	-0.532743
8	-140

l o
18
10	11.9854
10	3.83533
10	6.06208
10	-0.797083
15	0.362814
15	0.260646
9	-140

l u
18
10	9.42082
10	3.01466
10	4.89408
10	-2.66473
15	0.969459
15	0.665536
9	-140

l y
18
10	10.4738
10	3.35161
10	5.51808
10	-2.66473
15	0.969459
15	0.665536
9	-140

m a
15
8	-1.84579
8	-0.590654
8	0.841031
10	0.186413
10	-0.0281407
10	-0.018901
8	-84

m e
14
7	-1.77582
7	-0.568262
7	0.893246
7	0.727942
4	-0.343141
4	-0.168901
7	-84

m i
14
7	-1.70584
7	-0.54587
7	0.94546
7	1.26947
4	-0.658141
4	-0.318901
7	-84

m o
16
8	-1.22564
8	-0.392205
8	1.2866
11	-0.709263
10	0.391859
10	0.251099
8	-84

m u
16
8	-0.605485
8	-0.193755
8	1.73216
11	-1.60494
10	0.811859
10	0.5211
8	-84

m y
16
8	-1.15566
8	-0.369813
8	1.33881
11	-1.60494
10	0.811859
10	0.5211
8	-84

n a
8
4	9.54825
4	3.05544
4	5.42343
4	1.84631
3	-0.243832
3	-0.144243
4	-126

n e
10
6	9.13079
6	2.92185
6	5.21654
7	2.64684
7	-0.527094
7	-0.338493
5	-126

n i
10
6	8.71333
6	2.78827
6	5.00965
7	3.44736
7	-0.810356
7	-0.532743
5	-126

n o
15
8	7.95909
8	2.54691
8	4.27244
4	-0.829226
12	0.236814
12	0.227646
8	-126

n u
15
8	6.36992
8	2.03838
8	3.12146
4	-2.60045
12	0.717459
12	0.599536
8	-126

n y
15
8	7.54163
8	2.41332
8	4.06555
4	-2.60045
12	0.717459
12	0.599536
8	-126

p a
15
8	-2.24005
8	-0.716817
8	0.848244
10	0.220927
9	-0.0281407
9	-0.018901
8	-84

p e
14
7	-2.1052
7	-0.673664
7	0.707821
11	0.745198
4	-0.343141
4	-0.168901
7	-84

p i
14
7	-1.97035
7	-0.630511
7	0.567398
11	1.26947
4	-0.658141
4	-0.318901
7	-84

p o
16
8	-1.51624
8	-0.485196
8	1.18616
14	-0.34602
12	0.391859
12	0.281099
8	-84

p u
16
8	-0.792424
8	-0.253575
8	1.52408
14	-0.912967
12	0.811859
12	0.581099
8	-84

p y
16
8	-1.38139
8	-0.442043
8	1.04574
14	-0.912967
12	0.811859
12	0.581099
8	-84

r a
8
4	9.54825
4	3.05544
4	5.42343
4	1.84631
3	-0.243832
3	-0.144243
4	-126

r e
8
6	9.13079
6	2.92185
6	5.21654
7	2.64684
7	-0.527094
7	-0.338493
5	-126

r i
10
6	8.71333
6	2.78827
6	5.00965
7	3.44736
7	-0.810356
7	-0.532743
5	-126

r o
15
8	7.95909
8	2.54691
8	4.27244
4	-0.829226
12	0.236814
12	0.227646
8	-126

r u
15
8	6.36992
8	2.03838
8	3.12146
4	-2.60045
12	0.717459
12	0.599536
8	-126

r y
15
8	7.54163
8	2.41332
8	4.06555
4	-2.60045
12	0.717459
12	0.599536
8	-126

s a
12
6	6.16239
6	1.97196
6	3.93362
5	1.90222
8	-0.0884324
8	-0.0302435
6	-126

s e
10
5	5.35691
5	1.71421
5	3.53617
3	2.37383
5	-0.262737
5	-0.16915
5	-126

s i
10
5	4.55143
5	1.45646
5	3.13872
3	2.84544
5	-0.437042
5	-0.308056
5	-126

s o
20
7	6.54541
7	2.09453
7	3.47015
14	-0.838876
11	0.579898
11	0.365427
8	-126

s u
17
7	6.92844
7	2.2171
7	2.36669
14	-2.64827
11	1.24823
11	0.761099
8	-126

s y
20
7	5.73993
7	1.83678
7	2.7527
14	-2.64827
11	1.24823
11	0.761099
8	-126

SS a
20
10	6.05119
10	1.93638
10	3.16911
10	-1.47799
9	0.886546
9	0.572944
10	-112

SS e
14
7	6.00686
7	1.9222
7	3.32823
8	-1.50544
8	0.760386
8	0.556844
7	-112

SS i
14
7	5.96254
7	1.90801
7	3.48736
8	-1.53288
8	0.634227
8	0.540745
7	-112

SS o
10
5	6.23182
5	1.99418
5	2.81385
5	-2.01635
5	1.16021
5	0.727022
5	-112

SS u
10
5	6.41245
5	2.05198
5	2.45859
5	-2.55471
5	1.43387
5	0.881099
5	-112

SS y
10
5	6.18749
5	1.98
5	2.97298
5	-2.55471
5	1.43387
5	0.881099
5	-112

t a
12
6	7.66239
6	2.45196
6	4.25362
5	1.90222
8	-0.0884324
8	-0.0302435
6	-126

t e
10
5	6.10691
5	1.95421
5	3.69617
3	2.37383
5	-0.262737
5	-0.16915
5	-126

t i
10
5	4.55143
5	1.45646
5	2.88272
3	2.84544
5	-0.437042
5	-0.308056
5	-126

t o
16
7	7.29541
7	2.33453
7	3.63015
14	-0.838876
11	0.579898
11	0.365427
8	-126

t u
17
7	6.92844
7	2.2171
7	2.36669
14	-2.64827
11	1.24823
11	0.761099
8	-126

t y
16
7	5.73993
7	1.83678
7	2.7527
14	-2.64827
11	1.24823
11	0.761099
8	-126

th a
12
6	6.16239
6	1.97196
6	3.93362
5	1.90222
8	-0.0884324
8	-0.0302435
6	-126

th e
10
5	5.35691
5	1.71421
5	3.85617
3	2.37383
5	-0.262737
5	-0.16915
5	-126

th i
10
5	4.55143
5	1.45646
5	3.77872
3	2.84544
5	-0.437042
5	-0.308056
5	-126

th o
16
7	6.54541
7	2.09453
7	3.15015
14	-0.838876
11	0.579898
11	0.365427
8	-126

th u
17
7	6.92844
7	2.2171
7	2.36669
14	-2.64827
11	1.24823
11	0.761099
8	-126

th y
16
7	5.73993
7	1.83678
7	3.0727
14	-2.64827
11	1.24823
11	0.761099
8	-126

v a
21
12	0.34326
12	0.109843
12	1.80262
11	1.4243
14	-0.0320264
4	-1.38024
11	-98

v e
14
7	0.0485316
7	0.0155304
5	1.85624
6	1.67201
10	-0.240083
2	-1.41244
7	-98

v i
14
7	-0.246195
7	-0.0787824
5	1.90986
6	1.91972
10	-0.448141
2	-1.44464
7	-98

v o
15
8	1.24167
8	0.397333
8	1.70592
11	-0.943968
10	0.305917
6	-0.897207
8	-98

v u
15
8	2.14007
8	0.684822
8	1.60923
11	-3.31224
10	0.643859
6	-0.414176
8	-98

v y
15
8	0.946939
8	0.30302
8	1.75954
11	-3.31224
10	0.643859
6	-0.414176
8	-98

w a
18
9	5.90719
9	1.8903
9	2.88764
9	-2.36082
2	0.42299
2	0.381791
9	-112

w e
14
7	4.57769
7	1.46486
7	2.66368
9	-2.17586
7	0.386424
7	0.356734
7	-112

w i
14
7	3.24818
7	1.03942
7	2.43972
9	-1.99089
7	0.34986
7	0.331677
7	-112

w o
15
8	4.62066
8	1.47861
8	2.64401
11	-2.65755
10	0.892256
13	0.647117
8	-112

w u
15
8	3.33414
8	1.06692
8	2.40037
11	-2.95428
10	1.36152
13	0.912443
8	-112

w y
15
8	3.29116
8	1.05317
8	2.42005
11	-2.95428
10	1.36152
13	0.912443
8	-112

z a
12
6	6.16239
6	1.97196
6	3.93362
5	1.90222
8	-0.0884324
8	-0.0302435
6	-126

z e
10
5	5.35691
5	1.71421
5	3.53617
3	2.37383
5	-0.262737
5	-0.16915
5	-126

z i
10
5	4.55143
5	1.45646
5	3.13872
3	2.84544
5	-0.437042
5	-0.308056
5	-126

z o
20
7	6.54541
7	2.09453
7	3.47015
14	-0.838876
11	0.579898
11	0.365427
8	-126

z u
17
7	6.92844
7	2.2171
7	2.36669
14	-2.64827
11	1.24823
11	0.761099
8	-126

z y
20
7	5.73993
7	1.83678
7	2.7527
14	-2.64827
11	1.24823
11	0.761099
8	-126
