
#
40
30	10.3595	7.84875
30	4.73576	3.588
30	7.94183	6.81408
26	1.85533	1.74384
20	-0.254284	-0.198239
25	-0.131162	-0.136499
20	-126	-100.8

b
40
20	9.30948	8.11125
20	1.70231	1.4832
20	2.79273	2.53363
26	1.45951	1.57878
20	-0.193384	-0.204539
25	-0.111662	-0.1005
20	-112	-89.6

tS
35
15	12.5427	11.3137
15	5.7338	5.172
15	8.92865	8.07808
16	-1.1574	-1.4858
17	0.139028	0.116761
13	0.0964865	0.218099
18	-112	-89.6

d
35
15	11.7194	10.3687
15	5.35743	4.74
15	8.48341	7.37408
16	2.19593	2.14326
17	-0.43612	-0.359939
13	-0.254076	-0.216901
18	-112	-89.6

f
60
35	10.7961	7.47626
35	4.44183	3.07595
35	6.83378	5.58389
15	2.22382	2.24078
33	-0.405692	-0.389338
25	-0.63328	-0.7659
30	-126	-100.8

g
25
11	11.9878	10.92
11	5.48012	4.992
11	8.67586	8.01408
8	2.33763	2.5515
12	-0.39412	-0.380939
13	-0.239076	-0.231901
13	-126	-100.8

k
25
11	11.9878	10.92
11	5.48012	4.992
11	8.67586	8.01408
8	2.33763	2.5515
12	-0.39412	-0.380939
13	-0.239076	-0.231901
13	-126	-100.8

l
50
21	13.6776	11.9963
21	6.25262	5.484
21	9.51758	7.39008
18	2.58509	2.74176
20	-0.39412	-0.380939
20	-0.239076	-0.231901
25	-140	-112

m
40
20	9.30948	8.11125
20	1.70231	1.4832
20	2.79273	2.53363
26	1.45951	1.57878
20	-0.193384	-0.204539
25	-0.111662	-0.1005
20	-112	-89.6

n
25
11	11.9878	10.92
11	5.48012	4.992
11	8.67586	8.01408
8	2.33763	2.5515
12	-0.39412	-0.380939
13	-0.239076	-0.231901
13	-126	-100.8

p
40
20	9.30948	8.11125
20	1.70231	1.4832
20	2.79273	2.53363
26	1.45951	1.57878
20	-0.193384	-0.204539
25	-0.111662	-0.1005
20	-112	-89.6

r
25
11	11.9878	10.92
11	5.48012	4.992
11	8.67586	8.01408
8	2.33763	2.5515
12	-0.39412	-0.380939
13	-0.239076	-0.231901
13	-126	-100.8

s
35
15	11.7194	10.3687
15	5.35743	4.74
15	8.48341	7.37408
16	2.19593	2.14326
17	-0.43612	-0.359939
13	-0.254076	-0.216901
18	-112	-89.6

SS
35
15	12.5427	11.3137
15	5.7338	5.172
15	8.92865	8.07808
16	-1.1574	-1.4858
17	0.139028	0.116761
13	0.0964865	0.218099
18	-112	-89.6

t
35
15	11.7194	10.3687
15	5.35743	4.74
15	8.48341	7.37408
16	2.19593	2.14326
17	-0.43612	-0.359939
13	-0.254076	-0.216901
18	-112	-89.6

th
35
15	11.7194	10.3687
15	5.35743	4.74
15	8.48341	7.37408
16	2.19593	2.14326
17	-0.43612	-0.359939
13	-0.254076	-0.216901
18	-112	-89.6

v
60
35	10.7961	7.47626
35	4.44183	3.07595
35	6.83378	5.58389
15	2.22382	2.24078
33	-0.405692	-0.389338
25	-0.63328	-0.7659
30	-126	-100.8

w
60
35	10.7961	7.47626
35	4.93537	3.41772
35	7.59309	6.20432
15	-1.8553	-2.02821
33	0.127276	0.270061
25	0.16172	0.329099
30	-112	-89.6

z
35
15	11.7194	10.3687
15	5.35743	4.74
15	8.48341	7.37408
16	1.56593	1.51326
17	-0.43612	-0.359939
13	-0.254076	-0.216901
18	-112	-89.6
