
#
14
7	6.40937	5.17125
7	2.93	2.364
7	5.26092	3.52608
9	1.73119	1.55484
2	-0.211572	-0.147839
3	-0.0625205	-0.051599
7	-126	-100.8

b
14
7	5.62188	4.64625
7	1.028	0.8496
7	1.94437	1.28243
9	1.26211	1.40238
2	-0.182173	-0.179339
3	-0.093668	-0.103499
7	-112	-89.6

tS
15
10	7.0779	6.89167
10	3.23561	3.15048
10	5.05406	4.78208
11	-0.948236	-1.16438
3	0.162142	0.317941
5	0.105484	0.221098
8	-112	-89.6

d
10
6	6.93545	6.47062
6	3.17049	2.958
6	5.68866	5.46208
4	1.91951	1.8837
5	-0.367441	-0.328439
5	-0.228816	-0.198901
5	-112	-89.6

f
12
6	6.04518	5.355
6	2.48716	2.2032
6	5.00832	4.73587
6	2.03531	2.01399
4	-0.338446	-0.330539
10	-0.524275	-0.597902
6	-126	-100.8

g
15
7	8.23227	8.05875
7	3.76332	3.684
7	6.57809	6.35008
10	2.11144	2.268
11	-0.327165	-0.313739
11	-0.203001	-0.183902
8	-126	-100.8

k
15
7	8.23227	8.05875
7	3.76332	3.684
7	6.57809	6.35008
10	2.11144	2.268
11	-0.327165	-0.313739
11	-0.203001	-0.183902
8	-126	-100.8

l
20
10	8.86607	8.77275
10	4.05306	4.0104
10	6.5736	6.55008
9	2.43972	2.55276
11	-0.327165	-0.313739
11	-0.203001	-0.183902
10	-140	-112

m
14
7	5.62188	4.64625
7	1.028	0.8496
7	1.94437	1.28243
9	1.26211	1.40238
2	-0.182173	-0.179339
3	-0.093668	-0.103499
7	-112	-89.6

n
15
7	8.23227	8.05875
7	3.76332	3.684
7	6.57809	6.35008
10	2.11144	2.268
11	-0.327165	-0.313739
11	-0.203001	-0.183902
8	-126	-100.8

p
14
7	6.14687	5.17125
7	1.124	0.9456
7	2.00837	1.73043
9	1.26211	1.40238
2	-0.182173	-0.179339
3	-0.093668	-0.103499
7	-112	-89.6

r
15
7	8.23227	8.05875
7	3.76332	3.684
7	6.57809	6.35008
10	2.11144	2.268
11	-0.327165	-0.313739
11	-0.203001	-0.183902
8	-126	-100.8

s
10
6	6.93545	6.47062
6	3.17049	2.958
6	5.68866	5.46208
4	1.91951	1.8837
2	-0.367441	-0.328439
5	-0.228816	-0.198901
5	-112	-89.6

SS
15
10	7.0779	6.89167
10	3.23561	3.15048
10	5.05406	4.78208
11	-0.948236	-1.16438
3	0.162142	0.317941
5	0.105484	0.221098
8	-112	-89.6

t
10
6	6.93545	6.47062
6	3.17049	2.958
6	5.68866	5.46208
4	1.91951	1.8837
2	-0.367441	-0.328439
5	-0.228816	-0.198901
5	-112	-89.6

th
10
6	6.93545	6.47062
6	3.17049	2.958
6	5.68866	5.46208
4	1.91951	1.8837
2	-0.367441	-0.328439
5	-0.228816	-0.198901
5	-112	-89.6

v
12
6	6.04518	5.355
6	2.48716	2.2032
6	5.00832	4.73587
6	2.03531	2.01399
4	-0.338446	-0.330539
10	-0.524275	-0.597902
6	-126	-100.8

w
12
6	6.04518	5.355
6	2.76351	2.448
6	5.56481	5.26208
6	-1.52261	-2.10857
4	0.208699	0.289801
10	0.165725	0.272098
6	-112	-89.6

z
10
6	6.93545	6.47062
6	3.17049	2.958
6	5.68866	5.46208
4	1.91951	1.8837
2	-0.367441	-0.328439
5	-0.228816	-0.198901
5	-112	-89.6
