
#
14
7	6.89515	5.52
7	2.75806	2.208
7	4.90369	4.39808
9	2.19617	2.13444
2	-0.361663	-0.28014
3	-0.0588525	-0.0501
7	-126	-100.8

b
14
7	6.29515	5.52
7	1.00722	0.8832
7	1.89748	1.75923
9	1.63788	1.76929
2	-0.277664	-0.301139
3	-0.121147	-0.1599
7	-126	-100.8

tS
15
10	8.30399	7.92
10	3.3216	3.168
10	4.29396	3.87008
11	-0.909706	-1.18446
3	0.215064	0.370019
5	0.131755	0.251099
8	-126	-100.8

d
10
6	6.81145	6.39
6	2.72458	2.556
6	5.24044	5.10208
4	2.41898	2.22264
5	-0.547847	-0.544739
5	-0.368056	-0.348902
5	-126	-100.8

f
12
6	5.59565	4.98
6	2.01443	1.7928
6	4.37426	4.11667
6	2.41493	2.52428
4	-0.569776	-0.607739
10	-0.488317	-0.561902
6	-126	-100.8

g
15
7	8.8259	8.76
7	3.53036	3.504
7	6.16968	6.11008
10	3.08269	3.18276
11	-0.547847	-0.544739
11	-0.368056	-0.348902
8	-126	-100.8

k
15
7	8.8259	8.76
7	3.53036	3.504
7	6.16968	6.11008
10	3.08269	3.18276
11	-0.547847	-0.544739
11	-0.368056	-0.348902
8	-126	-100.8

l
20
10	9.28529	9.192
10	3.71412	3.6768
10	5.91711	5.93408
9	3.20869	3.30876
11	-0.547847	-0.544739
11	-0.368056	-0.348902
10	-126	-100.8

m
14
7	6.29515	5.52
7	1.00722	0.8832
7	1.89748	1.75923
9	1.63788	1.76929
2	-0.277664	-0.301139
3	-0.121147	-0.1599
7	-126	-100.8

n
15
7	8.8259	8.76
7	3.53036	3.504
7	6.16968	6.11008
10	3.08269	3.18276
11	-0.547847	-0.544739
11	-0.368056	-0.348902
8	-126	-100.8

p
14
7	6.29515	5.52
7	1.00722	0.8832
7	1.89748	1.75923
9	1.63788	1.76929
2	-0.277664	-0.301139
3	-0.121147	-0.1599
7	-126	-100.8

r
15
7	8.8259	8.76
7	3.53036	3.504
7	6.16968	6.11008
10	3.08269	3.18276
11	-0.547847	-0.544739
11	-0.368056	-0.348902
8	-126	-100.8

s
10
6	6.81145	6.39
6	2.72458	2.556
6	5.24044	5.10208
4	2.41898	2.22264
2	-0.547847	-0.544739
5	-0.368056	-0.348902
5	-126	-100.8

SS
15
10	8.30399	7.92
10	3.3216	3.168
10	4.29396	3.87008
11	-0.909706	-1.18446
3	0.215064	0.370019
5	0.131755	0.251099
8	-126	-100.8

t
10
6	6.81145	6.39
6	2.72458	2.556
6	5.24044	5.10208
4	2.41898	2.22264
2	-0.547847	-0.544739
5	-0.368056	-0.348902
5	-126	-100.8

th
10
6	6.81145	6.39
6	2.72458	2.556
6	5.24044	5.10208
4	2.41898	2.22264
2	-0.547847	-0.544739
5	-0.368056	-0.348902
5	-126	-100.8

v
12
6	5.59565	4.98
6	2.01443	1.7928
6	4.37426	4.11667
6	2.41493	2.52428
4	-0.569776	-0.607739
10	-0.488317	-0.561902
6	-126	-100.8

w
12
6	5.59565	4.98
6	2.23826	1.992
6	4.86029	4.57408
6	-1.22912	-2.06839
4	0.186224	0.232261
10	0.201684	0.278098
6	-126	-100.8

z
10
6	6.81145	6.39
6	2.72458	2.556
6	5.24044	5.10208
4	2.41898	2.22264
2	-0.547847	-0.544739
5	-0.368056	-0.348902
5	-126	-100.8
