
#
40
30	10.2861	8.94
30	4.11444	3.576
30	6.71782	6.33408
26	2.32465	2.13444
20	-0.418466	-0.322139
25	-0.187523	-0.2289
20	-126	-100.8

b
40
20	9.08609	8.34
20	1.45377	1.3344
20	2.43113	2.27763
26	1.81254	1.94569
20	-0.296666	-0.334739
25	-0.148523	-0.1569
20	-126	-100.8

tS
35
15	11.5174	11.04
15	4.60697	4.416
15	7.69959	7.00608
16	-1.15078	-1.58625
17	0.0871262	0.207061
13	0.061844	0.230099
18	-126	-100.8

d
35
15	10.5415	10.08
15	4.21659	4.032
15	6.81386	6.11008
16	2.69426	2.42676
17	-0.630595	-0.590939
13	-0.41552	-0.369902
18	-126	-100.8

f
60
35	9.97019	5.52
35	3.58927	1.9872
35	5.643	4.37587
15	2.63072	2.75108
33	-0.656415	-0.679138
25	-0.598351	-0.7539
30	-126	-100.8

g
25
11	10.2112	9.96
11	4.08448	3.984
11	6.72821	6.49408
8	3.22058	3.37176
12	-0.630595	-0.590939
13	-0.41552	-0.369902
13	-126	-100.8

k
25
11	10.2112	9.96
11	4.08448	3.984
11	6.72821	6.49408
8	3.22058	3.37176
12	-0.630595	-0.590939
13	-0.41552	-0.369902
13	-126	-100.8

l
50
21	13.0831	10.8
21	5.23324	4.32
21	8.06108	6.78208
18	3.34658	3.49776
20	-0.630595	-0.590939
20	-0.41552	-0.369902
25	-126	-100.8

m
40
20	9.08609	8.34
20	1.45377	1.3344
20	2.43113	2.27763
26	1.81254	1.94569
20	-0.296666	-0.334739
25	-0.148523	-0.1569
20	-126	-100.8

n
25
11	10.2112	9.96
11	4.08448	3.984
11	6.72821	6.49408
8	3.22058	3.37176
12	-0.630595	-0.590939
13	-0.41552	-0.369902
13	-126	-100.8

p
40
20	9.08609	8.34
20	1.45377	1.3344
20	2.43113	2.27763
26	1.81254	1.94569
20	-0.296666	-0.334739
25	-0.148523	-0.1569
20	-126	-100.8

r
25
11	10.2112	9.96
11	4.08448	3.984
11	6.72821	6.49408
8	3.22058	3.37176
12	-0.630595	-0.590939
13	-0.41552	-0.369902
13	-126	-100.8

s
35
15	10.5415	10.08
15	4.21659	4.032
15	6.81386	6.11008
16	2.69426	2.42676
17	-0.630595	-0.590939
13	-0.41552	-0.369902
18	-126	-100.8

SS
35
15	11.5174	11.04
15	4.60697	4.416
15	7.69959	7.00608
16	-1.15078	-1.58625
17	0.0871262	0.207061
13	0.061844	0.230099
18	-126	-100.8

t
35
15	10.5415	10.08
15	4.21659	4.032
15	6.81386	6.11008
16	2.69426	2.42676
17	-0.630595	-0.590939
13	-0.41552	-0.369902
18	-126	-100.8

th
35
15	10.5415	10.08
15	4.21659	4.032
15	6.81386	6.11008
16	2.69426	2.42676
17	-0.630595	-0.590939
13	-0.41552	-0.369902
18	-126	-100.8

v
60
35	9.97019	5.52
35	3.58927	1.9872
35	5.643	4.37587
15	2.63072	2.75108
33	-0.656415	-0.679138
25	-0.598351	-0.7539
30	-126	-100.8

w
60
35	9.97019	5.52
35	3.98808	2.208
35	6.27	4.86208
15	-1.54275	-1.6666
33	0.0995848	0.286859
25	0.241649	0.416098
30	-126	-100.8

z
35
15	10.5415	10.08
15	4.21659	4.032
15	6.81386	6.11008
16	1.43426	1.16676
17	-0.630595	-0.590939
13	-0.41552	-0.369902
18	-126	-100.8
