
#
44
16	11.315	8.745
16	4.52599	3.498
16	7.50336	6.07808
31	-0.644692	-0.578571
27	0.450654	0.36876
39	0.273002	0.238501
22	-126	-100.8

b
44
22	9.21498	8.745
22	1.4744	1.3992
22	2.61734	2.30323
31	-1.21328	-1.2348
27	0.492654	0.515761
39	0.333003	0.366704
22	-126	-100.8

tS
34
10	12.6591	10.197
10	5.06364	4.0788
8	7.63297	6.41408
10	-1.89287	-2.16884
8	0.938601	0.881161
15	0.626324	0.677098
17	-126	-100.8

d
33
15	11.6655	10.11
15	4.66621	4.044
15	6.98161	6.10208
24	-0.859392	-0.770786
20	0.451436	0.530461
22	0.309799	0.333598
17	-126	-100.8

f
40
18	11.6206	9.3243
18	4.18342	3.35675
18	6.33763	5.22389
18	-0.862759	-0.945715
32	0.197278	0.261662
30	-0.044822	-0.120901
20	-126	-100.8

g
40
20	12.8402	9.945
20	5.1361	3.978
20	8.0545	6.68608
20	-0.857075	-0.813215
25	0.361422	0.320461
32	0.349233	0.326099
20	-126	-100.8

k
40
20	12.8402	9.945
20	5.1361	3.978
20	8.0545	6.68608
20	-0.857075	-0.813215
25	0.361422	0.320461
32	0.349233	0.326099
20	-126	-100.8

l
35
13	13.55	12.39
13	5.41998	4.956
10	8.25551	6.23808
17	-0.808228	-0.802929
25	0.379607	0.383461
25	0.274233	0.273598
18	-126	-100.8

m
44
22	9.21498	8.745
22	1.4744	1.3992
22	2.61734	2.30323
31	-1.21328	-1.2348
27	0.492654	0.515761
39	0.333003	0.366704
22	-126	-100.8

n
40
20	12.8402	9.945
20	5.1361	3.978
20	8.0545	6.68608
20	-0.857075	-0.813215
25	0.361422	0.320461
32	0.349233	0.326099
20	-126	-100.8

p
44
22	9.21498	8.745
22	1.4744	1.3992
22	2.61734	2.30323
31	-1.21328	-1.2348
27	0.492654	0.515761
39	0.333003	0.366704
22	-126	-100.8

r
40
20	12.8402	9.945
20	5.1361	3.978
20	8.0545	6.68608
20	-0.857075	-0.813215
25	0.361422	0.320461
32	0.349233	0.326099
20	-126	-100.8

s
33
15	11.6655	10.11
15	4.66621	4.044
15	6.98161	6.10208
24	-0.859392	-0.770786
20	0.451436	0.530461
22	0.309799	0.333598
17	-126	-100.8

SS
34
20	12.6591	10.197
20	5.06364	4.0788
20	7.63297	6.41408
10	-1.89287	-2.16884
8	0.4766	0.692161
15	0.356324	0.482098
17	-126	-100.8

t
33
15	11.6655	10.11
15	4.66621	4.044
15	6.98161	6.10208
24	-0.859392	-0.770786
20	0.451436	0.530461
22	0.309799	0.333598
17	-126	-100.8

th
33
15	11.6655	10.11
15	4.66621	4.044
15	6.98161	6.10208
24	-0.859392	-0.770786
20	0.451436	0.530461
22	0.309799	0.333598
17	-126	-100.8

v
40
18	11.6206	9.3243
18	4.18342	3.35675
18	6.33763	5.22389
18	-0.862759	-0.945715
32	0.197278	0.261662
30	-0.044822	-0.120901
20	-126	-100.8

w
40
8	11.6206	9.3243
8	4.64825	3.72972
8	7.04181	5.80432
18	-2.77864	-2.95232
32	0.709247	0.795062
30	0.480178	0.584099
20	-126	-100.8

z
33
15	11.6655	10.11
15	4.66621	4.044
15	6.98161	6.10208
24	-0.859392	-0.770786
20	0.451436	0.530461
22	0.309799	0.333598
17	-126	-100.8
