
#
16
8	6.85643	5.79
8	2.74257	2.316
10	4.74214	3.18208
9	-0.518352	-0.498214
10	0.388396	0.377161
11	0.255219	0.219
8	-126	-100.8

b
16
8	6.25643	5.19
8	1.00103	0.8304
8	1.76886	1.14483
9	-1.19628	-1.16865
10	0.438796	0.461161
11	0.28522	0.312001
8	-126	-100.8

tS
20
10	6.84476	6.7602
10	2.7379	2.70408
10	4.13712	3.96768
15	-1.58379	-1.8675
10	0.796833	0.895861
13	0.559628	0.626099
10	-126	-100.8

d
14
8	7.7845	7.413
8	3.1138	2.9652
8	4.84348	4.59008
9	-0.657961	-0.72257
5	0.425813	0.47376
5	0.268261	0.311099
7	-126	-100.8

f
15
9	7.23801	6.6
9	2.60568	2.376
9	4.42973	4.22467
10	-0.77352	-0.927855
8	0.200854	0.263761
8	0.004486	-0.147901
8	-126	-100.8

g
15
7	8.20695	8.037
7	3.28278	3.2148
7	5.25184	5.31008
9	-0.729347	-0.77143
12	0.405816	0.339361
13	0.421141	0.308099
8	-126	-100.8

k
15
7	8.20695	8.037
7	3.28278	3.2148
7	5.25184	5.31008
9	-0.729347	-0.77143
12	0.405816	0.339361
13	0.421141	0.308099
8	-126	-100.8

l
30
8	9.34944	9.27
8	3.73978	3.708
12	5.76227	5.68768
15	-0.787024	-0.818999
10	0.384816	0.402361
10	0.271141	0.293099
15	-126	-100.8

m
16
8	6.25643	5.19
8	1.00103	0.8304
8	1.76886	1.14483
9	-1.19628	-1.16865
10	0.438796	0.461161
11	0.28522	0.312001
8	-126	-100.8

n
15
7	8.20695	8.037
7	3.28278	3.2148
7	5.25184	5.31008
9	-0.729347	-0.77143
12	0.405816	0.339361
13	0.421141	0.308099
8	-126	-100.8

p
16
8	6.85643	5.79
8	1.09703	0.9264
8	1.83286	1.59283
9	-1.19628	-1.16865
10	0.438796	0.461161
11	0.28522	0.312001
8	-126	-100.8

r
15
7	8.20695	8.037
7	3.28278	3.2148
7	5.25184	5.31008
9	-0.729347	-0.77143
12	0.405816	0.339361
13	0.421141	0.308099
8	-126	-100.8

s
14
8	7.7845	7.413
8	3.1138	2.9652
8	4.84348	4.59008
9	-0.657961	-0.72257
5	0.425813	0.47376
5	0.268261	0.311099
7	-126	-100.8

SS
20
10	6.84476	6.7602
10	2.7379	2.70408
10	4.13712	3.96768
15	-1.58379	-1.8675
10	0.859833	0.853861
13	0.859628	0.896098
10	-126	-100.8

t
14
8	7.7845	7.413
8	3.1138	2.9652
8	4.84348	4.59008
9	-0.657961	-0.72257
5	0.425813	0.47376
5	0.268261	0.311099
7	-126	-100.8

th
14
8	7.7845	7.413
8	3.1138	2.9652
8	4.84348	4.59008
9	-0.657961	-0.72257
5	0.425813	0.47376
5	0.268261	0.311099
7	-126	-100.8

v
15
9	7.23801	6.6
9	2.60568	2.376
9	4.42973	4.22467
10	-0.77352	-0.927855
8	0.200854	0.263761
8	0.004486	-0.147901
8	-126	-100.8

w
15
8	7.23801	6.6
8	2.8952	2.64
11	4.92192	4.69408
10	-2.56578	-2.77152
8	0.727	0.821101
13	0.499487	0.572099
8	-126	-100.8

z
14
8	7.7845	7.413
8	3.1138	2.9652
8	4.84348	4.59008
9	-0.657961	-0.72257
5	0.425813	0.47376
5	0.268261	0.311099
7	-126	-100.8
