
#
16
8	7.44751	6.6
8	2.3832	2.112
10	3.86613	3.71008
9	-1.68273	-1.494
10	0.838273	0.76986
11	0.576627	0.491098
8	-126	-100.8

b
16
8	2.979	2.64
8	0.953282	0.8448
8	1.54645	1.48403
9	-3.2789	-3.37277
10	0.964273	0.979861
11	0.636627	0.671099
8	-112	-89.6

tS
20
10	7.26931	7.11
10	2.32618	2.2752
10	2.46008	2.24128
15	-2.18081	-2.59071
10	1.48445	1.52586
13	1.04004	1.0611
10	-112	-89.6

d
14
8	8.16	8.0325
8	2.6112	2.5704
8	3.55008	3.35808
9	-2.04043	-2.23329
5	1.03866	1.05966
5	0.626098	0.671099
7	-112	-89.6

f
15
9	5.47236	5.1975
9	2.25148	2.1384
9	3.21706	3.09427
10	-2.58992	-2.80285
8	0.508824	0.580861
8	0.569206	0.3381
8	-126	-100.8

g
15
7	8.02898	8.0175
7	2.56927	2.5656
7	3.51719	4.03008
9	-2.04043	-2.23329
12	0.918115	0.761461
13	0.880229	0.635099
8	-126	-100.8

k
15
7	8.02898	8.0175
7	2.56927	2.5656
7	3.51719	4.03008
9	-2.04043	-2.23329
12	0.918115	0.761461
13	0.880229	0.635099
8	-126	-100.8

l
30
8	9.64861	9.6
8	3.08755	3.072
12	4.29446	4.20928
15	-2.42648	-2.55471
10	0.876115	0.887461
10	0.580229	0.605098
15	-140	-112

m
16
8	2.979	2.64
8	0.953282	0.8448
8	1.54645	1.48403
9	-3.2789	-3.37277
10	0.964273	0.979861
11	0.636627	0.671099
8	-112	-89.6

n
15
7	8.02898	8.0175
7	2.56927	2.5656
7	3.51719	4.03008
9	-2.04043	-2.23329
12	0.918115	0.761461
13	0.880229	0.635099
8	-126	-100.8

p
16
8	2.979	2.64
8	0.953282	0.8448
8	1.54645	1.48403
9	-3.2789	-3.37277
10	0.964273	0.979861
11	0.636627	0.671099
8	-112	-89.6

r
15
7	8.02898	8.0175
7	2.56927	2.5656
7	3.51719	4.03008
9	-2.04043	-2.23329
12	0.918115	0.761461
13	0.880229	0.635099
8	-126	-100.8

s
14
8	8.16	8.0325
8	2.6112	2.5704
8	3.55008	3.35808
9	-2.04043	-2.23329
5	1.03866	1.05966
5	0.626098	0.671099
7	-112	-89.6

SS
20
10	7.26931	7.11
10	2.32618	2.2752
10	2.46008	2.24128
15	-2.18081	-2.59071
10	1.61045	1.44186
13	1.64004	1.6011
10	-112	-89.6

t
14
8	8.16	8.0325
8	2.6112	2.5704
8	3.55008	3.35808
9	-2.04043	-2.23329
5	1.03866	1.05966
5	0.626098	0.671099
7	-112	-89.6

th
14
8	8.16	8.0325
8	2.6112	2.5704
8	3.55008	3.35808
9	-2.04043	-2.23329
5	1.03866	1.05966
5	0.626098	0.671099
7	-112	-89.6

v
15
9	5.47236	5.1975
9	2.25148	2.1384
9	3.21706	3.09427
10	-2.58992	-2.80285
8	0.508824	0.580861
8	0.569206	0.3381
8	-126	-100.8

w
15
8	7.81765	7.425
8	2.50165	2.376
11	3.57452	3.43808
10	-3.31545	-3.39428
8	1.22282	1.29486
13	0.869207	0.8781
8	-112	-89.6

z
14
8	8.16	8.0325
8	2.6112	2.5704
8	3.55008	3.35808
9	-2.04043	-2.23329
5	1.03866	1.05966
5	0.626098	0.671099
7	-112	-89.6
