
#
44
16	11.5465	10.6125
16	3.6949	3.396
16	5.84087	4.86208
31	-1.99653	-1.84757
27	0.991411	0.811859
39	0.620806	0.5211
22	-126	-100.8

b
44
22	3.11862	3.645
22	0.997958	1.1664
22	2.08035	1.81683
31	-3.53304	-3.68147
27	1.07541	1.10586
39	0.740806	0.777508
22	-112	-89.6

tS
34
10	10.2083	6.9675
10	3.26664	2.2296
8	5.10822	3.67808
10	-2.62172	-2.95232
8	1.68627	1.73586
15	1.12152	1.1481
17	-112	-89.6

d
33
15	8.85676	8.25
15	2.83416	2.64
15	3.81026	3.56608
24	-2.5849	-2.49043
20	1.14452	1.18986
22	0.71223	0.731098
17	-112	-89.6

f
40
18	7.46774	6.195
18	3.07244	2.5488
18	4.6507	3.65587
18	-2.86996	-2.98143
32	0.549525	0.622862
30	0.578565	0.536098
20	-126	-100.8

g
40
20	10.6139	6.1125
20	3.39644	1.956
20	5.4855	3.83808
20	-2.45633	-2.50971
25	0.88049	0.811859
32	0.761099	0.7461
20	-126	-100.8

k
40
20	10.6139	6.1125
20	3.39644	1.956
20	5.4855	3.83808
20	-2.45633	-2.50971
25	0.88049	0.811859
32	0.761099	0.7461
20	-126	-100.8

l
35
13	11.1499	10.2
13	3.56796	3.264
10	5.53693	4.47808
17	-2.54686	-2.619
25	0.916861	0.937861
25	0.611099	0.641098
18	-140	-112

m
44
22	3.11862	3.645
22	0.997958	1.1664
22	2.08035	1.81683
31	-3.53304	-3.68147
27	1.07541	1.10586
39	0.740806	0.777508
22	-112	-89.6

n
40
20	10.6139	6.1125
20	3.39644	1.956
20	5.4855	3.83808
20	-2.45633	-2.50971
25	0.88049	0.811859
32	0.761099	0.7461
20	-126	-100.8

p
44
22	3.11862	3.645
22	0.997958	1.1664
22	2.08035	1.81683
31	-3.53304	-3.68147
27	1.07541	1.10586
39	0.740806	0.777508
22	-112	-89.6

r
40
20	10.6139	6.1125
20	3.39644	1.956
20	5.4855	3.83808
20	-2.45633	-2.50971
25	0.88049	0.811859
32	0.761099	0.7461
20	-126	-100.8

s
33
15	8.85676	8.25
15	2.83416	2.64
15	3.81026	3.56608
24	-2.5849	-2.49043
20	1.14452	1.18986
22	0.71223	0.731098
17	-112	-89.6

SS
34
20	10.2083	6.9675
20	3.26664	2.2296
20	5.10822	3.67808
10	-2.62172	-2.95232
8	0.762269	1.35786
15	0.58152	0.758098
17	-112	-89.6

t
33
15	8.85676	8.25
15	2.83416	2.64
15	3.81026	3.56608
24	-2.5849	-2.49043
20	1.14452	1.18986
22	0.71223	0.731098
17	-112	-89.6

th
33
15	8.85676	8.25
15	2.83416	2.64
15	3.81026	3.56608
24	-2.5849	-2.49043
20	1.14452	1.18986
22	0.71223	0.731098
17	-112	-89.6

v
40
18	7.46774	6.195
18	3.07244	2.5488
18	4.6507	3.65587
18	-2.86996	-2.98143
32	0.549525	0.622862
30	0.578565	0.536098
20	-126	-100.8

w
40
8	10.6682	8.85
8	3.41383	2.832
8	5.16744	4.06208
18	-3.38942	-3.51482
32	1.26353	1.33686
30	0.878565	0.926099
20	-112	-89.6

z
33
15	8.85676	8.25
15	2.83416	2.64
15	3.81026	3.56608
24	-2.5849	-2.49043
20	1.14452	1.18986
22	0.71223	0.731098
17	-112	-89.6
