
#
16
8	8.12133	6.9825
8	2.59882	2.2344
10	4.39174	3.39328
9	-1.68273	-1.494
10	0.838273	0.76986
11	0.576627	0.491098
8	-126	-100.8

b
16
8	3.06853	2.613
8	0.98193	0.83616
8	1.67989	1.28051
9	-3.2789	-3.37277
10	0.964273	0.979861
11	0.636627	0.671099
8	-112	-89.6

tS
20
10	8.04129	7.91415
10	2.57321	2.53253
10	3.4663	3.27712
15	-2.18081	-2.59071
10	1.48445	1.52586
13	1.04004	1.0611
10	-112	-89.6

d
14
8	9.10238	8.77275
8	2.91276	2.80728
8	4.32612	4.09728
9	-2.04043	-2.23329
5	1.03866	1.05966
5	0.626098	0.671099
7	-112	-89.6

f
15
9	5.9889	5.544
9	2.464	2.28096
9	3.94466	3.77251
10	-2.58992	-2.80285
8	0.508824	0.580861
8	0.569206	0.3381
8	-126	-100.8

g
15
7	9.3668	9.23475
7	2.99738	2.95512
7	4.55798	4.79808
9	-2.04043	-2.23329
12	0.918115	0.761461
13	0.880229	0.635099
8	-126	-100.8

k
15
7	9.3668	9.23475
7	2.99738	2.95512
7	4.55798	4.79808
9	-2.04043	-2.23329
12	0.918115	0.761461
13	0.880229	0.635099
8	-126	-100.8

l
30
8	10.8715	10.7925
8	3.47889	3.4536
12	5.17515	5.09632
15	-2.42648	-2.55471
10	0.876115	0.887461
10	0.580229	0.605098
15	-140	-112

m
16
8	3.06853	2.613
8	0.98193	0.83616
8	1.67989	1.28051
9	-3.2789	-3.37277
10	0.964273	0.979861
11	0.636627	0.671099
8	-112	-89.6

n
15
7	9.3668	9.23475
7	2.99738	2.95512
7	4.55798	4.79808
9	-2.04043	-2.23329
12	0.918115	0.761461
13	0.880229	0.635099
8	-126	-100.8

p
16
8	3.24853	2.793
8	1.03953	0.89376
8	1.71829	1.54931
9	-3.2789	-3.37277
10	0.964273	0.979861
11	0.636627	0.671099
8	-112	-89.6

r
15
7	9.3668	9.23475
7	2.99738	2.95512
7	4.55798	4.79808
9	-2.04043	-2.23329
12	0.918115	0.761461
13	0.880229	0.635099
8	-126	-100.8

s
14
8	9.10238	8.77275
8	2.91276	2.80728
8	4.32612	4.09728
9	-2.04043	-2.23329
5	1.03866	1.05966
5	0.626098	0.671099
7	-112	-89.6

SS
20
10	8.04129	7.91415
10	2.57321	2.53253
10	3.4663	3.27712
15	-2.18081	-2.59071
10	1.61045	1.44186
13	1.64004	1.6011
10	-112	-89.6

t
14
8	9.10238	8.77275
8	2.91276	2.80728
8	4.32612	4.09728
9	-2.04043	-2.23329
5	1.03866	1.05966
5	0.626098	0.671099
7	-112	-89.6

th
14
8	9.10238	8.77275
8	2.91276	2.80728
8	4.32612	4.09728
9	-2.04043	-2.23329
5	1.03866	1.05966
5	0.626098	0.671099
7	-112	-89.6

v
15
9	5.9889	5.544
9	2.464	2.28096
9	3.94466	3.77251
10	-2.58992	-2.80285
8	0.508824	0.580861
8	0.569206	0.3381
8	-126	-100.8

w
15
8	8.55557	7.92
8	2.73778	2.5344
11	4.38296	4.19168
10	-3.31545	-3.39428
8	1.22282	1.29486
13	0.869207	0.8781
8	-112	-89.6

z
14
8	9.10238	8.77275
8	2.91276	2.80728
8	4.32612	4.09728
9	-2.04043	-2.23329
5	1.03866	1.05966
5	0.626098	0.671099
7	-112	-89.6
