
#
10
5	3.10194	2.52
5	4.82524	3.92
5	5.61816	2.65408
4	1.17576	0.905577
7	-0.0819756	-0.0207186
7	-0.088251	-0.070797
5	-72	-57.6

b
10
5	1.57316	1.224
5	2.44715	1.904
5	2.98689	1.20845
4	1.05818	1.23622
7	-0.115576	-0.0767186
7	-0.088251	-0.0627975
5	-40	-32

tS
20
10	2.20474	2.19307
10	3.42959	3.41145
10	4.06992	3.98586
5	-0.944596	-1.09538
5	0.145627	0.354481
5	0.105618	0.254797
5	-56	-44.8

d
12
7	3.6164	3.36
7	5.62551	5.22667
7	6.13687	5.82208
10	1.3186	1.43442
8	-0.249381	-0.14952
8	-0.119435	-0.065201
6	-64	-51.2

f
18
9	2.30213	2.0328
9	3.58109	3.16213
9	4.38852	4.16506
10	1.53742	1.39628
2	-0.142824	-0.07112
13	-0.746979	-0.845203
9	-48	-38.4

g
14
7	3.99629	3.864
7	6.21644	6.01067
7	6.98649	6.59008
9	1.05876	1.25658
8	-0.141977	-0.110319
8	-0.0505955	-0.025202
7	-72	-57.6

k
14
7	3.99629	3.864
7	6.21644	6.01067
7	6.98649	6.59008
9	1.05876	1.25658
8	-0.141977	-0.110319
8	-0.0505955	-0.025202
7	-72	-57.6

l
20
10	4.392	4.344
10	6.832	6.75733
10	7.23008	7.16608
7	1.55142	1.66842
14	-0.141977	-0.110319
14	-0.0505955	-0.025202
10	-80	-64

m
10
5	1.57316	1.224
5	2.44715	1.904
5	2.98689	1.20845
4	1.05818	1.23622
7	-0.115576	-0.0767186
7	-0.088251	-0.0627975
5	-40	-32

n
14
7	3.99629	3.864
7	6.21644	6.01067
7	6.98649	6.59008
9	1.05876	1.25658
8	-0.141977	-0.110319
8	-0.0505955	-0.025202
7	-72	-57.6

p
10
5	1.86116	1.512
5	2.89515	2.352
5	3.17889	2.55245
4	1.05818	1.23622
7	-0.115576	-0.0767186
7	-0.088251	-0.0627975
5	-40	-32

r
14
7	3.99629	3.864
7	6.21644	6.01067
7	6.98649	6.59008
9	1.05876	1.25658
8	-0.141977	-0.110319
8	-0.0505955	-0.025202
7	-72	-57.6

s
12
7	3.6164	3.36
7	5.62551	5.22667
7	6.13687	5.82208
10	1.3186	1.43442
8	-0.249381	-0.14952
4	-0.119435	-0.065201
6	-64	-51.2

SS
20
10	2.20474	2.19307
10	3.42959	3.41145
10	4.06992	3.98586
5	-0.944596	-1.09538
5	0.145627	0.354481
5	0.105618	0.254797
10	-56	-44.8

t
12
7	3.6164	3.36
7	5.62551	5.22667
7	6.13687	5.82208
10	1.3186	1.43442
8	-0.249381	-0.14952
4	-0.119435	-0.065201
6	-64	-51.2

th
12
7	3.6164	3.36
7	5.62551	5.22667
7	6.13687	5.82208
10	1.3186	1.43442
8	-0.249381	-0.14952
4	-0.119435	-0.065201
6	-64	-51.2

v
18
9	2.30213	2.0328
9	3.58109	3.16213
9	4.38852	4.16506
10	1.53742	1.39628
2	-0.142824	-0.07112
13	-0.746979	-0.845203
9	-48	-38.4

w
18
9	2.30213	2.0328
9	3.58109	3.16213
9	4.38852	4.16506
10	-1.73849	-2.05692
2	0.308232	0.46312
13	0.173021	0.354797
9	-56	-44.8

z
12
7	3.6164	3.36
7	5.62551	5.22667
7	6.13687	5.82208
10	1.3186	1.43442
8	-0.249381	-0.14952
4	-0.119435	-0.065201
6	-64	-51.2
