
#
50
25	5.35709	3.6
25	8.33325	5.6
25	9.16584	7.29408
20	1.287	1.25658
35	-0.120137	-0.0991193
35	-0.0997345	-0.0587985
25	-72	-57.6

b
50
25	2.92625	2.448
25	4.55195	3.808
25	4.73151	4.18445
20	1.32099	1.44682
35	-0.120137	-0.0991193
35	-0.0997345	-0.0587985
25	-40	-32

tS
35
18	4.80244	4.1496
18	7.47046	6.45493
18	7.11039	6.40506
5	-1.11427	-1.32615
18	0.254575	0.0352828
18	0.174838	0.274799
18	-56	-44.8

d
50
30	6.49826	5.448
30	10.1084	8.47467
30	10.153	8.63808
15	1.57634	1.72692
40	-0.322195	-0.171918
40	-0.123509	-0.085201
25	-64	-51.2

f
50
30	4.11787	3.23921
30	6.40557	5.03877
30	6.24132	5.28259
16	1.68714	1.60688
36	-0.206625	-0.132718
13	-0.890945	-1.0372
25	-48	-38.4

g
50
25	6.87576	6
25	10.6956	9.33333
25	10.6235	9.53408
20	1.35077	1.60758
25	-0.210195	-0.227918
25	-0.0835095	-0.125201
25	-72	-57.6

k
50
25	6.87576	6
25	10.6956	9.33333
25	10.6235	9.53408
20	1.35077	1.60758
25	-0.210195	-0.227918
25	-0.0835095	-0.125201
25	-72	-57.6

l
46
23	7.272	6.648
23	11.312	10.3413
23	10.9741	7.99808
20	1.69334	1.84392
21	-0.210195	-0.227918
21	-0.0835095	-0.125201
23	-80	-64

m
50
25	2.92625	2.448
25	4.55195	3.808
25	4.73151	4.18445
20	1.32099	1.44682
35	-0.120137	-0.0991193
35	-0.0997345	-0.0587985
25	-40	-32

n
50
25	6.87576	6
25	10.6956	9.33333
25	10.6235	9.53408
20	1.35077	1.60758
25	-0.210195	-0.227918
25	-0.0835095	-0.125201
25	-72	-57.6

p
50
25	2.92625	2.448
25	4.55195	3.808
25	4.73151	4.18445
20	1.32099	1.44682
35	-0.120137	-0.0991193
35	-0.0997345	-0.0587985
25	-40	-32

r
50
25	6.87576	6
25	10.6956	9.33333
25	10.6235	9.53408
20	1.35077	1.60758
25	-0.210195	-0.227918
25	-0.0835095	-0.125201
25	-72	-57.6

s
50
30	6.49826	5.448
30	10.1084	8.47467
30	10.153	8.63808
15	1.57634	1.72692
40	-0.322195	-0.171918
40	-0.123509	-0.085201
25	-64	-51.2

SS
35
18	4.80244	4.1496
18	7.47046	6.45493
18	7.11039	6.40506
5	-1.11427	-1.32615
18	0.254575	0.0352828
18	0.174838	0.274799
18	-56	-44.8

t
50
30	6.49826	5.448
30	10.1084	8.47467
30	10.153	8.63808
15	1.57634	1.72692
40	-0.322195	-0.171918
40	-0.123509	-0.085201
25	-64	-51.2

th
50
30	6.49826	5.448
30	10.1084	8.47467
30	10.153	8.63808
15	1.57634	1.72692
40	-0.322195	-0.171918
40	-0.123509	-0.085201
25	-64	-51.2

v
50
30	4.11787	3.23921
30	6.40557	5.03877
30	6.24132	5.28259
16	1.68714	1.60688
36	-0.206625	-0.132718
13	-0.890945	-1.0372
25	-48	-38.4

w
50
30	4.11787	3.23921
30	6.40557	5.03877
30	6.24132	5.28259
16	-2.07521	-2.28769
36	0.206625	0.337682
13	0.109054	0.3228
25	-56	-44.8

z
50
30	6.49826	5.448
30	10.1084	8.47467
30	10.153	8.63808
15	1.57634	1.72692
40	-0.322195	-0.171918
40	-0.123509	-0.085201
25	-64	-51.2
