
# a
10
5	0.0288
5	0.0224
5	0.0128
5	0.1638
5	0.056
5	0.04
5	-40

# e
10
5	0.0288
5	0.0224
5	0.0128
5	0.1638
5	0.056
5	0.04
5	-40

# i
10
5	0.0288
5	0.0224
5	0.0128
5	0.1638
5	0.056
5	0.04
5	-40

# o
10
5	0.0288
5	0.0224
5	0.0128
5	0.1638
5	0.056
5	0.04
5	-40

# u
10
5	0.0288
5	0.0224
5	0.0128
5	0.1638
5	0.056
5	0.04
5	-40

# y
10
5	0.0288
5	0.0224
5	0.0128
5	0.1638
5	0.056
5	0.04
5	-40

b a
15
8	-0.648
8	-1.008
8	0.786048
9	1.46109
7	-0.0375207
7	-0.014799
8	-24

b e
14
7	-0.621658
7	-0.967023
7	0.699787
11	1.72944
5	-0.457521
5	-0.220001
7	-24

b i
14
7	-0.595316
7	-0.926046
7	0.613526
11	1.99779
5	-0.877521
5	-0.425202
7	-24

b o
16
8	-0.410879
8	-0.639144
8	0.990464
10	-1.06358
6	0.522479
6	0.54
8	-36

b u
16
8	-0.173757
8	-0.270289
8	1.19488
10	-3.58826
6	1.08248
6	1.0948
8	-48

b y
16
8	-0.384536
8	-0.598167
8	0.904203
10	-3.58826
6	1.08248
6	1.0948
8	-48

tS a
20
10	1.93638
10	3.01215
10	3.16911
10	-1.59168
9	1.18206
9	0.763925
10	-48

tS e
14
6	2.04233
6	3.17695
6	3.00199
8	-1.62124
8	0.951654
8	0.629799
7	-48

tS i
14
6	2.14827
6	3.34176
6	2.83488
8	-1.6508
8	0.721247
8	0.495673
7	-48

tS o
10
4	1.99418
4	3.10206
4	2.81385
5	-2.17145
4	1.82695
5	1.16936
5	-48

tS u
10
4	2.05198
4	3.19197
4	2.45859
5	-2.75123
4	2.47183
5	1.5748
5	-48

tS y
10
4	2.10013
4	3.26686
4	2.64674
5	-2.75123
4	2.47183
5	1.5748
5	-48

d a
12
6	1.97196
6	3.0675
6	3.93362
5	1.76635
8	-0.117909
8	-0.040325
6	-56

d e
10
5	1.71421
5	2.66655
5	3.53617
3	2.20427
5	-0.350316
5	-0.225533
5	-56

d i
10
5	1.45646
5	2.2656
5	3.13872
3	2.64219
5	-0.582723
5	-0.410742
5	-56

d o
17
7	2.09453
7	3.25816
7	3.47015
14	-0.903406
11	0.773198
11	0.487237
8	-56

d u
17
7	2.2171
7	3.44882
7	2.36669
14	-2.85199
11	1.66431
11	1.0148
8	-56

d y
17
7	1.83678
7	2.85721
7	2.7527
14	-2.85199
11	1.66431
11	1.0148
8	-56

f a
21
12	0.109843
12	0.170867
12	1.80262
11	1.32257
14	-0.0427014
4	-1.84032
11	-32

f e
14
7	0.0155304
7	0.0241584
5	1.85624
6	1.55258
10	-0.320111
2	-1.88325
7	-32

f i
14
7	-0.0787824
7	-0.12255
5	1.90986
6	1.78259
10	-0.597521
2	-1.92618
7	-32

f o
15
8	0.397333
8	0.618074
8	1.70592
11	-0.876541
10	0.407889
6	-1.19628
8	-32

f u
15
8	0.684823
8	1.06528
8	1.60923
11	-3.07565
10	0.858479
6	-0.552234
8	-32

f y
15
8	0.30302
8	0.471365
8	1.75954
11	-3.07565
10	0.858479
6	-0.552234
8	-32

g a
8
4	3.05544
4	4.75291
4	5.42343
4	1.71443
3	-0.325109
3	-0.192325
4	-64

g e
10
6	2.92185
6	4.54511
6	5.21654
7	2.45778
7	-0.702792
7	-0.451324
5	-64

g i
10
6	2.78827
6	4.3373
6	5.00965
7	3.20112
7	-1.08048
7	-0.710324
5	-64

g o
15
8	2.54691
8	3.96186
8	4.27244
4	-0.893012
12	0.315752
12	0.303528
8	-64

g u
15
8	2.03837
8	3.17081
8	3.12146
4	-2.80048
12	0.956613
12	0.79938
8	-64

g y
15
8	2.41332
8	3.75405
8	4.06555
4	-2.80048
12	0.956613
12	0.79938
8	-64

k a
8
4	3.05544
4	4.75291
4	5.42343
4	1.71443
3	-0.325109
3	-0.192325
4	-64

k e
10
6	2.92185
6	4.54511
6	5.21654
7	2.45778
7	-0.702792
7	-0.451324
5	-64

k i
10
6	2.78827
6	4.3373
6	5.00965
7	3.20112
7	-1.08048
7	-0.710324
5	-64

k o
15
8	2.54691
8	3.96186
8	4.27244
4	-0.893012
12	0.315752
12	0.303528
8	-64

k u
15
8	2.03837
8	3.17081
8	3.12146
4	-2.80048
12	0.956613
12	0.79938
8	-64

k y
15
8	2.41332
8	3.75405
8	4.06555
4	-2.80048
12	0.956613
12	0.79938
8	-64

l a
10
5	4.656
5	7.24267
5	7.23008
3	1.94843
3	-0.325109
3	-0.192325
5	-76

l e
15
8	4.17228
8	6.49021
8	6.68608
6	2.63328
10	-0.702792
10	-0.451324
8	-76

l i
15
8	3.68856
8	5.73776
8	6.14208
6	3.31812
10	-1.08048
10	-0.710324
8	-76

l o
18
10	3.83533
10	5.96607
10	6.06208
10	-0.858397
15	0.483752
15	0.347528
9	-76

l u
18
10	3.01466
10	4.68947
10	4.89408
10	-2.86971
15	1.29261
15	0.88738
9	-76

l y
18
10	3.35161
10	5.21362
10	5.51808
10	-2.86971
15	1.29261
15	0.88738
9	-76

m a
15
8	-0.590654
8	-0.918795
8	0.841031
10	0.173098
10	-0.0375207
10	-0.0252015
8	-24

m e
14
7	-0.568262
7	-0.883963
7	0.893246
7	0.675946
4	-0.457521
4	-0.225202
7	-24

m i
14
7	-0.54587
7	-0.849131
7	0.94546
7	1.17879
4	-0.877521
4	-0.425202
7	-24

m o
16
8	-0.392205
8	-0.610096
8	1.2866
11	-0.658601
10	0.522479
10	0.334799
8	-24

m u
16
8	-0.193755
8	-0.301397
8	1.73216
11	-1.4903
10	1.08248
10	0.6948
8	-24

m y
16
8	-0.369813
8	-0.575264
8	1.33881
11	-1.4903
10	1.08248
10	0.6948
8	-24

n a
8
4	3.05544
4	4.75291
4	5.42343
4	1.71443
3	-0.325109
3	-0.192325
4	-64

n e
10
6	2.92185
6	4.54511
6	5.21654
7	2.45778
7	-0.702792
7	-0.451324
5	-64

n i
10
6	2.78827
6	4.3373
6	5.00965
7	3.20112
7	-1.08048
7	-0.710324
5	-64

n o
15
8	2.54691
8	3.96186
8	4.27244
4	-0.893012
12	0.315752
12	0.303528
8	-64

n u
15
8	2.03837
8	3.17081
8	3.12146
4	-2.80048
12	0.956613
12	0.79938
8	-64

n y
15
8	2.41332
8	3.75405
8	4.06555
4	-2.80048
12	0.956613
12	0.79938
8	-64

p a
15
8	-0.716817
8	-1.11505
8	0.848244
10	0.205146
9	-0.0375207
9	-0.0252015
8	-24

p e
14
7	-0.673663
7	-1.04792
7	0.707821
11	0.691969
4	-0.457521
4	-0.225202
7	-24

p i
14
7	-0.630511
7	-0.980795
7	0.567398
11	1.17879
4	-0.877521
4	-0.425202
7	-24

p o
16
8	-0.485196
8	-0.75475
8	1.18616
14	-0.321305
12	0.522479
12	0.374799
8	-24

p u
16
8	-0.253576
8	-0.394451
8	1.52408
14	-0.847755
12	1.08248
12	0.774799
8	-24

p y
16
8	-0.442044
8	-0.687623
8	1.04574
14	-0.847755
12	1.08248
12	0.774799
8	-24

r a
8
4	3.05544
4	4.75291
4	5.42343
4	1.71443
3	-0.325109
3	-0.192325
4	-64

r e
8
6	2.92185
6	4.54511
6	5.21654
7	2.45778
7	-0.702792
7	-0.451324
5	-64

r i
10
6	2.78827
6	4.3373
6	5.00965
7	3.20112
7	-1.08048
7	-0.710324
5	-64

r o
15
8	2.54691
8	3.96186
8	4.27244
4	-0.893012
12	0.315752
12	0.303528
8	-64

r u
15
8	2.03837
8	3.17081
8	3.12146
4	-2.80048
12	0.956613
12	0.79938
8	-64

r y
15
8	2.41332
8	3.75405
8	4.06555
4	-2.80048
12	0.956613
12	0.79938
8	-64

s a
12
6	1.97196
6	3.0675
6	3.93362
5	1.76635
8	-0.117909
8	-0.040325
6	-56

s e
10
5	1.71421
5	2.66655
5	3.53617
3	2.20427
5	-0.350316
5	-0.225533
5	-56

s i
10
5	1.45646
5	2.2656
5	3.13872
3	2.64219
5	-0.582723
5	-0.410742
5	-56

s o
20
7	2.09453
7	3.25816
7	3.47015
14	-0.903406
11	0.773198
11	0.487237
8	-56

s u
17
7	2.2171
7	3.44882
7	2.36669
14	-2.85199
11	1.66431
11	1.0148
8	-56

s y
20
7	1.83678
7	2.85721
7	2.7527
14	-2.85199
11	1.66431
11	1.0148
8	-56

SS a
20
10	1.93638
10	3.01215
10	3.16911
10	-1.59168
9	1.18206
9	0.763925
10	-48

SS e
14
7	1.9222
7	2.99008
7	3.32823
8	-1.62124
8	1.01385
8	0.742459
7	-48

SS i
14
7	1.90801
7	2.96802
7	3.48736
8	-1.6508
8	0.845635
8	0.720993
7	-48

SS o
10
5	1.99418
5	3.10206
5	2.81385
5	-2.17145
5	1.54695
5	0.969362
5	-48

SS u
10
5	2.05198
5	3.19197
5	2.45859
5	-2.75123
5	1.91183
5	1.1748
5	-48

SS y
10
5	1.98
5	3.08
5	2.97298
5	-2.75123
5	1.91183
5	1.1748
5	-48

t a
12
6	2.45196
6	3.81417
6	4.25362
5	1.76635
8	-0.117909
8	-0.040325
6	-56

t e
10
5	1.95421
5	3.03988
5	3.69617
3	2.20427
5	-0.350316
5	-0.225533
5	-56

t i
10
5	1.45646
5	2.2656
5	2.88272
3	2.64219
5	-0.582723
5	-0.410742
5	-56

t o
16
7	2.33453
7	3.63149
7	3.63015
14	-0.903406
11	0.773198
11	0.487237
8	-56

t u
17
7	2.2171
7	3.44882
7	2.36669
14	-2.85199
11	1.66431
11	1.0148
8	-56

t y
16
7	1.83678
7	2.85721
7	2.7527
14	-2.85199
11	1.66431
11	1.0148
8	-56

th a
12
6	1.97196
6	3.0675
6	3.93362
5	1.76635
8	-0.117909
8	-0.040325
6	-56

th e
10
5	1.71421
5	2.66655
5	3.85617
3	2.20427
5	-0.350316
5	-0.225533
5	-56

th i
10
5	1.45646
5	2.2656
5	3.77872
3	2.64219
5	-0.582723
5	-0.410742
5	-56

th o
16
7	2.09453
7	3.25816
7	3.15015
14	-0.903406
11	0.773198
11	0.487237
8	-56

th u
17
7	2.2171
7	3.44882
7	2.36669
14	-2.85199
11	1.66431
11	1.0148
8	-56

th y
16
7	1.83678
7	2.85721
7	3.0727
14	-2.85199
11	1.66431
11	1.0148
8	-56

v a
21
12	0.109843
12	0.170867
12	1.80262
11	1.32257
14	-0.0427014
4	-1.84032
11	-32

v e
14
7	0.0155304
7	0.0241584
5	1.85624
6	1.55258
10	-0.320111
2	-1.88325
7	-32

v i
14
7	-0.0787824
7	-0.12255
5	1.90986
6	1.78259
10	-0.597521
2	-1.92618
7	-32

v o
15
8	0.397333
8	0.618074
8	1.70592
11	-0.876541
10	0.407889
6	-1.19628
8	-32

v u
15
8	0.684823
8	1.06528
8	1.60923
11	-3.07565
10	0.858479
6	-0.552234
8	-32

v y
15
8	0.30302
8	0.471365
8	1.75954
11	-3.07565
10	0.858479
6	-0.552234
8	-32

w a
18
9	1.8903
9	2.94047
9	2.88764
9	-2.54242
2	0.563986
2	0.509054
9	-48

w e
14
7	1.46486
7	2.27867
7	2.66368
9	-2.34323
7	0.515233
7	0.475646
7	-48

w i
14
7	1.03942
7	1.61687
7	2.43972
9	-2.14403
7	0.46648
7	0.442237
7	-48

w o
15
8	1.47861
8	2.30006
8	2.64401
11	-2.86198
10	1.18968
13	0.862822
8	-48

w u
15
8	1.06692
8	1.65966
8	2.40037
11	-3.18153
10	1.81536
13	1.21659
8	-48

w y
15
8	1.05317
8	1.63827
8	2.42005
11	-3.18153
10	1.81536
13	1.21659
8	-48

z a
12
6	1.97196
6	3.0675
6	3.93362
5	1.76635
8	-0.117909
8	-0.040325
6	-56

z e
10
5	1.71421
5	2.66655
5	3.53617
3	2.20427
5	-0.350316
5	-0.225533
5	-56

z i
10
5	1.45646
5	2.2656
5	3.13872
3	2.64219
5	-0.582723
5	-0.410742
5	-56

z o
20
7	2.09453
7	3.25816
7	3.47015
14	-0.903406
11	0.773198
11	0.487237
8	-56

z u
17
7	2.2171
7	3.44882
7	2.36669
14	-2.85199
11	1.66431
11	1.0148
8	-56

z y
20
7	1.83678
7	2.85721
7	2.7527
14	-2.85199
11	1.66431
11	1.0148
8	-56
