
#
14
7	2.93	2.364
7	4.55778	3.67733
7	5.26092	3.52608
9	1.60753	1.44378
2	-0.282096	-0.197119
3	-0.0833605	-0.0687985
7	-72	-57.6

b
14
7	1.542	1.2744
7	2.39867	1.9824
7	2.91655	1.92365
9	1.50681	1.67427
2	-0.242897	-0.239119
3	-0.12489	-0.137999
7	-40	-32

tS
15
10	2.26493	2.20534
10	3.52322	3.43052
10	3.53784	3.34746
11	-0.907713	-1.11462
3	0.216189	0.423921
5	0.140646	0.294798
8	-56	-44.8

d
10
6	3.17049	2.958
6	4.93187	4.60133
6	5.68866	5.46208
4	1.7824	1.74915
5	-0.489922	-0.437919
5	-0.305088	-0.265201
5	-64	-51.2

f
12
6	1.93446	1.7136
6	3.00915	2.6656
6	3.89536	3.68346
6	1.88993	1.87013
4	-0.451262	-0.440719
10	-0.699033	-0.797203
6	-48	-38.4

g
15
7	3.76332	3.684
7	5.85406	5.73067
7	6.57809	6.35008
10	1.96063	2.106
11	-0.43622	-0.418319
11	-0.270669	-0.245202
8	-72	-57.6

k
15
7	3.76332	3.684
7	5.85406	5.73067
7	6.57809	6.35008
10	1.96063	2.106
11	-0.43622	-0.418319
11	-0.270669	-0.245202
8	-72	-57.6

l
20
10	4.05306	4.0104
10	6.30476	6.2384
10	6.5736	6.55008
9	2.26546	2.37042
11	-0.43622	-0.418319
11	-0.270669	-0.245202
10	-80	-64

m
14
7	1.542	1.2744
7	2.39867	1.9824
7	2.91655	1.92365
9	1.50681	1.67427
2	-0.242897	-0.239119
3	-0.12489	-0.137999
7	-40	-32

n
15
7	3.76332	3.684
7	5.85406	5.73067
7	6.57809	6.35008
10	1.96063	2.106
11	-0.43622	-0.418319
11	-0.270669	-0.245202
8	-72	-57.6

p
14
7	1.686	1.4184
7	2.62267	2.2064
7	3.01255	2.59565
9	1.50681	1.67427
2	-0.242897	-0.239119
3	-0.12489	-0.137999
7	-40	-32

r
15
7	3.76332	3.684
7	5.85406	5.73067
7	6.57809	6.35008
10	1.96063	2.106
11	-0.43622	-0.418319
11	-0.270669	-0.245202
8	-72	-57.6

s
10
6	3.17049	2.958
6	4.93187	4.60133
6	5.68866	5.46208
4	1.7824	1.74915
2	-0.489922	-0.437919
5	-0.305088	-0.265201
5	-64	-51.2

SS
15
10	2.26493	2.20534
10	3.52322	3.43052
10	3.53784	3.34746
11	-0.907713	-1.11462
3	0.216189	0.423921
5	0.140646	0.294798
8	-56	-44.8

t
10
6	3.17049	2.958
6	4.93187	4.60133
6	5.68866	5.46208
4	1.7824	1.74915
2	-0.489922	-0.437919
5	-0.305088	-0.265201
5	-64	-51.2

th
10
6	3.17049	2.958
6	4.93187	4.60133
6	5.68866	5.46208
4	1.7824	1.74915
2	-0.489922	-0.437919
5	-0.305088	-0.265201
5	-64	-51.2

v
12
6	1.93446	1.7136
6	3.00915	2.6656
6	3.89536	3.68346
6	1.88993	1.87013
4	-0.451262	-0.440719
10	-0.699033	-0.797203
6	-48	-38.4

w
12
6	1.93446	1.7136
6	3.00915	2.6656
6	3.89536	3.68346
6	-1.45754	-2.01846
4	0.278265	0.386401
10	0.220967	0.362797
6	-56	-44.8

z
10
6	3.17049	2.958
6	4.93187	4.60133
6	5.68866	5.46208
4	1.7824	1.74915
2	-0.489922	-0.437919
5	-0.305088	-0.265201
5	-64	-51.2
