
#
40
30	4.73576	3.588
30	7.36674	5.58133
30	7.94183	6.81408
26	1.7228	1.61928
20	-0.339046	-0.264319
25	-0.174883	-0.181999
20	-72	-57.6

b
40
20	2.55346	2.2248
20	3.97205	3.4608
20	4.1891	3.80045
26	1.74247	1.88487
20	-0.257845	-0.272719
25	-0.148882	-0.133999
20	-40	-32

tS
35
15	4.01366	3.6204
15	6.24347	5.63173
15	6.25006	5.65466
16	-1.10794	-1.42231
17	0.185371	0.155682
13	0.128649	0.290799
18	-56	-44.8

d
35
15	5.35743	4.74
15	8.33377	7.37333
15	8.48341	7.37408
16	2.03908	1.99017
17	-0.581494	-0.479918
13	-0.338768	-0.289201
18	-64	-51.2

f
60
35	3.45476	2.3924
35	5.37407	3.72152
35	5.31516	4.34302
15	2.06498	2.08073
33	-0.540922	-0.519117
25	-0.844374	-1.0212
30	-48	-38.4

g
25
11	5.48012	4.992
11	8.52462	7.76533
11	8.67586	8.01408
8	2.17065	2.36925
12	-0.525494	-0.507918
13	-0.318768	-0.309202
13	-72	-57.6

k
25
11	5.48012	4.992
11	8.52462	7.76533
11	8.67586	8.01408
8	2.17065	2.36925
12	-0.525494	-0.507918
13	-0.318768	-0.309202
13	-72	-57.6

l
50
21	6.25262	5.484
21	9.72629	8.53067
21	9.51758	7.39008
18	2.40044	2.54592
20	-0.525494	-0.507918
20	-0.318768	-0.309202
25	-80	-64

m
40
20	2.55346	2.2248
20	3.97205	3.4608
20	4.1891	3.80045
26	1.74247	1.88487
20	-0.257845	-0.272719
25	-0.148882	-0.133999
20	-40	-32

n
25
11	5.48012	4.992
11	8.52462	7.76533
11	8.67586	8.01408
8	2.17065	2.36925
12	-0.525494	-0.507918
13	-0.318768	-0.309202
13	-72	-57.6

p
40
20	2.55346	2.2248
20	3.97205	3.4608
20	4.1891	3.80045
26	1.74247	1.88487
20	-0.257845	-0.272719
25	-0.148882	-0.133999
20	-40	-32

r
25
11	5.48012	4.992
11	8.52462	7.76533
11	8.67586	8.01408
8	2.17065	2.36925
12	-0.525494	-0.507918
13	-0.318768	-0.309202
13	-72	-57.6

s
35
15	5.35743	4.74
15	8.33377	7.37333
15	8.48341	7.37408
16	2.03908	1.99017
17	-0.581494	-0.479918
13	-0.338768	-0.289201
18	-64	-51.2

SS
35
15	4.01366	3.6204
15	6.24347	5.63173
15	6.25006	5.65466
16	-1.10794	-1.42231
17	0.185371	0.155682
13	0.128649	0.290799
18	-56	-44.8

t
35
15	5.35743	4.74
15	8.33377	7.37333
15	8.48341	7.37408
16	2.03908	1.99017
17	-0.581494	-0.479918
13	-0.338768	-0.289201
18	-64	-51.2

th
35
15	5.35743	4.74
15	8.33377	7.37333
15	8.48341	7.37408
16	2.03908	1.99017
17	-0.581494	-0.479918
13	-0.338768	-0.289201
18	-64	-51.2

v
60
35	3.45476	2.3924
35	5.37407	3.72152
35	5.31516	4.34302
15	2.06498	2.08073
33	-0.540922	-0.519117
25	-0.844374	-1.0212
30	-48	-38.4

w
60
35	3.45476	2.3924
35	5.37407	3.72152
35	5.31516	4.34302
15	-1.77602	-1.94154
33	0.169702	0.360081
25	0.215626	0.438798
30	-56	-44.8

z
35
15	5.35743	4.74
15	8.33377	7.37333
15	8.48341	7.37408
16	1.45407	1.40517
17	-0.581494	-0.479918
13	-0.338768	-0.289201
18	-64	-51.2
