
#
14
7	2.75806	2.208
7	4.29031	3.43467
7	4.90369	4.39808
9	2.0393	1.98198
2	-0.482217	-0.37352
3	-0.07847	-0.0668
7	-72	-57.6

b
14
7	1.51084	1.3248
7	2.35019	2.0608
7	2.84621	2.63885
9	1.95543	2.11232
2	-0.370219	-0.401519
3	-0.16153	-0.2132
7	-40	-32

tS
15
10	2.32512	2.2176
10	3.61685	3.4496
10	3.00577	2.70906
11	-0.87083	-1.13385
3	0.286753	0.493359
5	0.175673	0.334799
8	-56	-44.8

d
10
6	2.72458	2.556
6	4.23824	3.976
6	5.24044	5.10208
4	2.24619	2.06388
5	-0.730462	-0.726319
5	-0.490741	-0.465202
5	-64	-51.2

f
12
6	1.56678	1.3944
6	2.43722	2.16907
6	3.4022	3.20186
6	2.24244	2.34398
4	-0.759701	-0.810319
10	-0.651088	-0.749202
6	-48	-38.4

g
15
7	3.53036	3.504
7	5.49167	5.45067
7	6.16968	6.11008
10	2.8625	2.95542
11	-0.730462	-0.726319
11	-0.490741	-0.465202
8	-72	-57.6

k
15
7	3.53036	3.504
7	5.49167	5.45067
7	6.16968	6.11008
10	2.8625	2.95542
11	-0.730462	-0.726319
11	-0.490741	-0.465202
8	-72	-57.6

l
20
10	3.71412	3.6768
10	5.77751	5.71947
10	5.91711	5.93408
9	2.9795	3.07242
11	-0.730462	-0.726319
11	-0.490741	-0.465202
10	-80	-64

m
14
7	1.51084	1.3248
7	2.35019	2.0608
7	2.84621	2.63885
9	1.95543	2.11232
2	-0.370219	-0.401519
3	-0.16153	-0.2132
7	-40	-32

n
15
7	3.53036	3.504
7	5.49167	5.45067
7	6.16968	6.11008
10	2.8625	2.95542
11	-0.730462	-0.726319
11	-0.490741	-0.465202
8	-72	-57.6

p
14
7	1.51084	1.3248
7	2.35019	2.0608
7	2.84621	2.63885
9	1.95543	2.11232
2	-0.370219	-0.401519
3	-0.16153	-0.2132
7	-40	-32

r
15
7	3.53036	3.504
7	5.49167	5.45067
7	6.16968	6.11008
10	2.8625	2.95542
11	-0.730462	-0.726319
11	-0.490741	-0.465202
8	-72	-57.6

s
10
6	2.72458	2.556
6	4.23824	3.976
6	5.24044	5.10208
4	2.24619	2.06388
2	-0.730462	-0.726319
5	-0.490741	-0.465202
5	-64	-51.2

SS
15
10	2.32512	2.2176
10	3.61685	3.4496
10	3.00577	2.70906
11	-0.87083	-1.13385
3	0.286753	0.493359
5	0.175673	0.334799
8	-56	-44.8

t
10
6	2.72458	2.556
6	4.23824	3.976
6	5.24044	5.10208
4	2.24619	2.06388
2	-0.730462	-0.726319
5	-0.490741	-0.465202
5	-64	-51.2

th
10
6	2.72458	2.556
6	4.23824	3.976
6	5.24044	5.10208
4	2.24619	2.06388
2	-0.730462	-0.726319
5	-0.490741	-0.465202
5	-64	-51.2

v
12
6	1.56678	1.3944
6	2.43722	2.16907
6	3.4022	3.20186
6	2.24244	2.34398
4	-0.759701	-0.810319
10	-0.651088	-0.749202
6	-48	-38.4

w
12
6	1.56678	1.3944
6	2.43722	2.16907
6	3.4022	3.20186
6	-1.17659	-1.98
4	0.248298	0.309681
10	0.268912	0.370797
6	-56	-44.8

z
10
6	2.72458	2.556
6	4.23824	3.976
6	5.24044	5.10208
4	2.24619	2.06388
2	-0.730462	-0.726319
5	-0.490741	-0.465202
5	-64	-51.2
