
#
40
30	4.11444	3.576
30	6.40023	5.56267
30	6.71782	6.33408
26	2.15861	1.98198
20	-0.557954	-0.429519
25	-0.25003	-0.3052
20	-72	-57.6

b
40
20	2.18066	2.0016
20	3.39214	3.1136
20	3.64669	3.41645
26	2.16395	2.32292
20	-0.395554	-0.446319
25	-0.198031	-0.2092
20	-40	-32

tS
35
15	3.22488	3.0912
15	5.01648	4.80853
15	5.38972	4.90426
16	-1.1016	-1.51846
17	0.116168	0.276082
13	0.0824585	0.306799
18	-56	-44.8

d
35
15	4.21659	4.032
15	6.55914	6.272
15	6.81386	6.11008
16	2.50181	2.25342
17	-0.840793	-0.787918
13	-0.554026	-0.493203
18	-64	-51.2

f
60
35	2.79165	1.5456
35	4.34257	2.40427
35	4.389	3.40346
15	2.44281	2.55458
33	-0.87522	-0.905517
25	-0.797801	-1.0052
30	-48	-38.4

g
25
11	4.08448	3.984
11	6.35363	6.19733
11	6.72821	6.49408
8	2.99054	3.13092
12	-0.840793	-0.787918
13	-0.554026	-0.493203
13	-72	-57.6

k
25
11	4.08448	3.984
11	6.35363	6.19733
11	6.72821	6.49408
8	2.99054	3.13092
12	-0.840793	-0.787918
13	-0.554026	-0.493203
13	-72	-57.6

l
50
21	5.23324	4.32
21	8.14059	6.72
21	8.06108	6.78208
18	3.10754	3.24792
20	-0.840793	-0.787918
20	-0.554026	-0.493203
25	-80	-64

m
40
20	2.18066	2.0016
20	3.39214	3.1136
20	3.64669	3.41645
26	2.16395	2.32292
20	-0.395554	-0.446319
25	-0.198031	-0.2092
20	-40	-32

n
25
11	4.08448	3.984
11	6.35363	6.19733
11	6.72821	6.49408
8	2.99054	3.13092
12	-0.840793	-0.787918
13	-0.554026	-0.493203
13	-72	-57.6

p
40
20	2.18066	2.0016
20	3.39214	3.1136
20	3.64669	3.41645
26	2.16395	2.32292
20	-0.395554	-0.446319
25	-0.198031	-0.2092
20	-40	-32

r
25
11	4.08448	3.984
11	6.35363	6.19733
11	6.72821	6.49408
8	2.99054	3.13092
12	-0.840793	-0.787918
13	-0.554026	-0.493203
13	-72	-57.6

s
35
15	4.21659	4.032
15	6.55914	6.272
15	6.81386	6.11008
16	2.50181	2.25342
17	-0.840793	-0.787918
13	-0.554026	-0.493203
18	-64	-51.2

SS
35
15	3.22488	3.0912
15	5.01648	4.80853
15	5.38972	4.90426
16	-1.1016	-1.51846
17	0.116168	0.276082
13	0.0824585	0.306799
18	-56	-44.8

t
35
15	4.21659	4.032
15	6.55914	6.272
15	6.81386	6.11008
16	2.50181	2.25342
17	-0.840793	-0.787918
13	-0.554026	-0.493203
18	-64	-51.2

th
35
15	4.21659	4.032
15	6.55914	6.272
15	6.81386	6.11008
16	2.50181	2.25342
17	-0.840793	-0.787918
13	-0.554026	-0.493203
18	-64	-51.2

v
60
35	2.79165	1.5456
35	4.34257	2.40427
35	4.389	3.40346
15	2.44281	2.55458
33	-0.87522	-0.905517
25	-0.797801	-1.0052
30	-48	-38.4

w
60
35	2.79165	1.5456
35	4.34257	2.40427
35	4.389	3.40346
15	-1.47682	-1.59538
33	0.132779	0.382479
25	0.322199	0.554797
30	-56	-44.8

z
35
15	4.21659	4.032
15	6.55914	6.272
15	6.81386	6.11008
16	1.33181	1.08342
17	-0.840793	-0.787918
13	-0.554026	-0.493203
18	-64	-51.2
