
#
44
16	4.52599	3.498
16	7.04043	5.44133
16	7.50336	6.07808
31	-0.694284	-0.623077
27	0.600872	0.49168
39	0.364003	0.318001
22	-64	-51.2

b
44
22	2.2116	2.0988
22	3.44026	3.2648
22	3.92601	3.45485
31	-1.05816	-1.07692
27	0.656872	0.687681
39	0.444003	0.488939
22	-32	-25.6

tS
34
10	3.54455	2.85516
10	5.51374	4.44136
8	5.34308	4.48986
10	-1.81198	-2.07615
8	1.25147	1.17488
15	0.835099	0.902798
17	-48	-38.4

d
33
15	4.66621	4.044
15	7.25855	6.29067
15	6.98161	6.10208
24	-0.925499	-0.830077
20	0.601915	0.707282
22	0.413065	0.444798
17	-56	-44.8

f
40
18	3.25377	2.6108
18	5.06142	4.06125
18	4.92927	4.06302
18	-0.929125	-1.01846
32	0.263038	0.348883
30	-0.059763	-0.161202
20	-40	-32

g
40
20	5.1361	3.978
20	7.98948	6.188
20	8.0545	6.68608
20	-0.923004	-0.87577
25	0.481896	0.427281
32	0.465644	0.434799
20	-64	-51.2

k
40
20	5.1361	3.978
20	7.98948	6.188
20	8.0545	6.68608
20	-0.923004	-0.87577
25	0.481896	0.427281
32	0.465644	0.434799
20	-64	-51.2

l
35
13	5.41998	4.956
13	8.43108	7.70933
10	8.25551	6.23808
17	-0.8704	-0.864692
25	0.506143	0.511281
25	0.365645	0.364798
18	-72	-57.6

m
44
22	2.2116	2.0988
22	3.44026	3.2648
22	3.92601	3.45485
31	-1.05816	-1.07692
27	0.656872	0.687681
39	0.444003	0.488939
22	-32	-25.6

n
40
20	5.1361	3.978
20	7.98948	6.188
20	8.0545	6.68608
20	-0.923004	-0.87577
25	0.481896	0.427281
32	0.465644	0.434799
20	-64	-51.2

p
44
22	2.2116	2.0988
22	3.44026	3.2648
22	3.92601	3.45485
31	-1.05816	-1.07692
27	0.656872	0.687681
39	0.444003	0.488939
22	-32	-25.6

r
40
20	5.1361	3.978
20	7.98948	6.188
20	8.0545	6.68608
20	-0.923004	-0.87577
25	0.481896	0.427281
32	0.465644	0.434799
20	-64	-51.2

s
33
15	4.66621	4.044
15	7.25855	6.29067
15	6.98161	6.10208
24	-0.925499	-0.830077
20	0.601915	0.707282
22	0.413065	0.444798
17	-56	-44.8

SS
34
20	3.54455	2.85516
20	5.51374	4.44136
20	5.34308	4.48986
10	-1.81198	-2.07615
8	0.635467	0.922881
15	0.475099	0.642798
17	-48	-38.4

t
33
15	4.66621	4.044
15	7.25855	6.29067
15	6.98161	6.10208
24	-0.925499	-0.830077
20	0.601915	0.707282
22	0.413065	0.444798
17	-56	-44.8

th
33
15	4.66621	4.044
15	7.25855	6.29067
15	6.98161	6.10208
24	-0.925499	-0.830077
20	0.601915	0.707282
22	0.413065	0.444798
17	-56	-44.8

v
40
18	3.25377	2.6108
18	5.06142	4.06125
18	4.92927	4.06302
18	-0.929125	-1.01846
32	0.263038	0.348883
30	-0.059763	-0.161202
20	-40	-32

w
40
8	3.25377	2.6108
8	5.06142	4.06125
8	4.92927	4.06302
18	-2.65989	-2.82615
32	0.945662	1.06008
30	0.640237	0.778799
20	-48	-38.4

z
33
15	4.66621	4.044
15	7.25855	6.29067
15	6.98161	6.10208
24	-0.925499	-0.830077
20	0.601915	0.707282
22	0.413065	0.444798
17	-56	-44.8
