
#
16
8	2.74257	2.316
8	4.26622	3.60267
10	4.74214	3.18208
9	-0.558226	-0.536538
10	0.517861	0.502881
11	0.340293	0.292
8	-64	-51.2

b
16
8	1.50154	1.2456
8	2.33573	1.9376
8	2.65329	1.71725
9	-1.04333	-1.01923
10	0.585061	0.614881
11	0.380293	0.416001
8	-32	-25.6

tS
20
10	1.91653	1.89286
10	2.98127	2.94444
10	2.89599	2.77738
15	-1.5161	-1.78769
10	1.06244	1.19448
13	0.746171	0.834799
10	-48	-38.4

d
14
8	3.1138	2.9652
8	4.84369	4.61253
8	4.84348	4.59008
9	-0.708574	-0.778153
5	0.56775	0.63168
5	0.357681	0.414799
7	-56	-44.8

f
15
9	2.02664	1.848
9	3.15256	2.87467
9	3.44534	3.28586
10	-0.833021	-0.999229
8	0.267805	0.351681
8	0.005981	-0.197202
8	-40	-32

g
15
7	3.28278	3.2148
7	5.10654	5.0008
7	5.25184	5.31008
9	-0.785451	-0.83077
12	0.541088	0.452482
13	0.561521	0.410798
8	-64	-51.2

k
15
7	3.28278	3.2148
7	5.10654	5.0008
7	5.25184	5.31008
9	-0.785451	-0.83077
12	0.541088	0.452482
13	0.561521	0.410798
8	-64	-51.2

l
30
8	3.73978	3.708
8	5.81743	5.768
12	5.76227	5.68768
15	-0.847564	-0.881999
10	0.513088	0.536481
10	0.361522	0.390798
15	-72	-57.6

m
16
8	1.50154	1.2456
8	2.33573	1.9376
8	2.65329	1.71725
9	-1.04333	-1.01923
10	0.585061	0.614881
11	0.380293	0.416001
8	-32	-25.6

n
15
7	3.28278	3.2148
7	5.10654	5.0008
7	5.25184	5.31008
9	-0.785451	-0.83077
12	0.541088	0.452482
13	0.561521	0.410798
8	-64	-51.2

p
16
8	1.64554	1.3896
8	2.55973	2.1616
8	2.74929	2.38925
9	-1.04333	-1.01923
10	0.585061	0.614881
11	0.380293	0.416001
8	-32	-25.6

r
15
7	3.28278	3.2148
7	5.10654	5.0008
7	5.25184	5.31008
9	-0.785451	-0.83077
12	0.541088	0.452482
13	0.561521	0.410798
8	-64	-51.2

s
14
8	3.1138	2.9652
8	4.84369	4.61253
8	4.84348	4.59008
9	-0.708574	-0.778153
5	0.56775	0.63168
5	0.357681	0.414799
7	-56	-44.8

SS
20
10	1.91653	1.89286
10	2.98127	2.94444
10	2.89599	2.77738
15	-1.5161	-1.78769
10	1.14644	1.13848
13	1.14617	1.1948
10	-48	-38.4

t
14
8	3.1138	2.9652
8	4.84369	4.61253
8	4.84348	4.59008
9	-0.708574	-0.778153
5	0.56775	0.63168
5	0.357681	0.414799
7	-56	-44.8

th
14
8	3.1138	2.9652
8	4.84369	4.61253
8	4.84348	4.59008
9	-0.708574	-0.778153
5	0.56775	0.63168
5	0.357681	0.414799
7	-56	-44.8

v
15
9	2.02664	1.848
9	3.15256	2.87467
9	3.44534	3.28586
10	-0.833021	-0.999229
8	0.267805	0.351681
8	0.005981	-0.197202
8	-40	-32

w
15
8	2.02664	1.848
8	3.15256	2.87467
11	3.44534	3.28586
10	-2.45613	-2.65307
8	0.969333	1.0948
13	0.665982	0.762798
8	-48	-38.4

z
14
8	3.1138	2.9652
8	4.84369	4.61253
8	4.84348	4.59008
9	-0.708574	-0.778153
5	0.56775	0.63168
5	0.357681	0.414799
7	-56	-44.8
