
#
16
8	2.3832	2.112
8	3.7072	3.28533
10	3.86613	3.71008
9	-1.81217	-1.60892
10	1.1177	1.02648
11	0.768837	0.654797
8	-64	-51.2

b
16
8	1.42992	1.2672
8	2.22432	1.9712
8	2.31968	2.22605
9	-2.85967	-2.94154
10	1.2857	1.30648
11	0.848837	0.894799
8	-32	-25.6

tS
20
10	1.62832	1.59264
10	2.53295	2.47744
10	1.72205	1.5689
15	-2.08761	-2.48
10	1.97926	2.03448
13	1.38672	1.4148
10	-48	-38.4

d
14
8	2.6112	2.5704
8	4.06187	3.9984
8	3.55008	3.35808
9	-2.19739	-2.40508
5	1.38488	1.41288
5	0.834797	0.894799
7	-56	-44.8

f
15
9	1.75115	1.6632
9	2.72402	2.5872
9	2.50216	2.40666
10	-2.78915	-3.01846
8	0.678433	0.774481
8	0.758941	0.450799
8	-40	-32

g
15
7	2.56927	2.5656
7	3.99665	3.99093
7	3.51719	4.03008
9	-2.19739	-2.40508
12	1.22415	1.01528
13	1.17364	0.846799
8	-64	-51.2

k
15
7	2.56927	2.5656
7	3.99665	3.99093
7	3.51719	4.03008
9	-2.19739	-2.40508
12	1.22415	1.01528
13	1.17364	0.846799
8	-64	-51.2

l
30
8	3.08755	3.072
8	4.80286	4.77867
12	4.29446	4.20928
15	-2.61313	-2.75123
10	1.16815	1.18328
10	0.773639	0.806798
15	-72	-57.6

m
16
8	1.42992	1.2672
8	2.22432	1.9712
8	2.31968	2.22605
9	-2.85967	-2.94154
10	1.2857	1.30648
11	0.848837	0.894799
8	-32	-25.6

n
15
7	2.56927	2.5656
7	3.99665	3.99093
7	3.51719	4.03008
9	-2.19739	-2.40508
12	1.22415	1.01528
13	1.17364	0.846799
8	-64	-51.2

p
16
8	1.42992	1.2672
8	2.22432	1.9712
8	2.31968	2.22605
9	-2.85967	-2.94154
10	1.2857	1.30648
11	0.848837	0.894799
8	-32	-25.6

r
15
7	2.56927	2.5656
7	3.99665	3.99093
7	3.51719	4.03008
9	-2.19739	-2.40508
12	1.22415	1.01528
13	1.17364	0.846799
8	-64	-51.2

s
14
8	2.6112	2.5704
8	4.06187	3.9984
8	3.55008	3.35808
9	-2.19739	-2.40508
5	1.38488	1.41288
5	0.834797	0.894799
7	-56	-44.8

SS
20
10	1.62832	1.59264
10	2.53295	2.47744
10	1.72205	1.5689
15	-2.08761	-2.48
10	2.14726	1.92248
13	2.18672	2.1348
10	-48	-38.4

t
14
8	2.6112	2.5704
8	4.06187	3.9984
8	3.55008	3.35808
9	-2.19739	-2.40508
5	1.38488	1.41288
5	0.834797	0.894799
7	-56	-44.8

th
14
8	2.6112	2.5704
8	4.06187	3.9984
8	3.55008	3.35808
9	-2.19739	-2.40508
5	1.38488	1.41288
5	0.834797	0.894799
7	-56	-44.8

v
15
9	1.75115	1.6632
9	2.72402	2.5872
9	2.50216	2.40666
10	-2.78915	-3.01846
8	0.678433	0.774481
8	0.758941	0.450799
8	-40	-32

w
15
8	1.75115	1.6632
8	2.72402	2.5872
11	2.50216	2.40666
10	-3.17376	-3.24923
8	1.63043	1.72648
13	1.15894	1.1708
8	-48	-38.4

z
14
8	2.6112	2.5704
8	4.06187	3.9984
8	3.55008	3.35808
9	-2.19739	-2.40508
5	1.38488	1.41288
5	0.834797	0.894799
7	-56	-44.8
