
#
44
16	3.6949	3.396
16	5.74762	5.28267
16	5.84087	4.86208
31	-2.15011	-1.98969
27	1.32188	1.08248
39	0.82774	0.6948
22	-64	-51.2

b
44
22	1.49694	1.7496
22	2.32857	2.7216
22	3.12052	2.72525
31	-3.08131	-3.21077
27	1.43388	1.47448
39	0.987741	1.03668
22	-32	-25.6

tS
34
10	2.28665	1.56072
10	3.55701	2.42779
8	3.57576	2.57466
10	-2.50968	-2.82615
8	2.24836	2.31448
15	1.49536	1.5308
17	-48	-38.4

d
33
15	2.83416	2.64
15	4.4087	4.10667
15	3.81026	3.56608
24	-2.78374	-2.682
20	1.52602	1.58648
22	0.94964	0.974797
17	-56	-44.8

f
40
18	2.38968	1.9824
18	3.71728	3.08373
18	3.61721	2.84346
18	-3.09073	-3.21077
32	0.732701	0.830483
30	0.77142	0.714798
20	-40	-32

g
40
20	3.39644	1.956
20	5.28335	3.04267
20	5.4855	3.83808
20	-2.64528	-2.70277
25	1.17399	1.08248
32	1.0148	0.9948
20	-64	-51.2

k
40
20	3.39644	1.956
20	5.28335	3.04267
20	5.4855	3.83808
20	-2.64528	-2.70277
25	1.17399	1.08248
32	1.0148	0.9948
20	-64	-51.2

l
35
13	3.56796	3.264
13	5.55016	5.07733
10	5.53693	4.47808
17	-2.74278	-2.82046
25	1.22248	1.25048
25	0.814799	0.854797
18	-72	-57.6

m
44
22	1.49694	1.7496
22	2.32857	2.7216
22	3.12052	2.72525
31	-3.08131	-3.21077
27	1.43388	1.47448
39	0.987741	1.03668
22	-32	-25.6

n
40
20	3.39644	1.956
20	5.28335	3.04267
20	5.4855	3.83808
20	-2.64528	-2.70277
25	1.17399	1.08248
32	1.0148	0.9948
20	-64	-51.2

p
44
22	1.49694	1.7496
22	2.32857	2.7216
22	3.12052	2.72525
31	-3.08131	-3.21077
27	1.43388	1.47448
39	0.987741	1.03668
22	-32	-25.6

r
40
20	3.39644	1.956
20	5.28335	3.04267
20	5.4855	3.83808
20	-2.64528	-2.70277
25	1.17399	1.08248
32	1.0148	0.9948
20	-64	-51.2

s
33
15	2.83416	2.64
15	4.4087	4.10667
15	3.81026	3.56608
24	-2.78374	-2.682
20	1.52602	1.58648
22	0.94964	0.974797
17	-56	-44.8

SS
34
20	2.28665	1.56072
20	3.55701	2.42779
20	3.57576	2.57466
10	-2.50968	-2.82615
8	1.01636	1.81048
15	0.77536	1.0108
17	-48	-38.4

t
33
15	2.83416	2.64
15	4.4087	4.10667
15	3.81026	3.56608
24	-2.78374	-2.682
20	1.52602	1.58648
22	0.94964	0.974797
17	-56	-44.8

th
33
15	2.83416	2.64
15	4.4087	4.10667
15	3.81026	3.56608
24	-2.78374	-2.682
20	1.52602	1.58648
22	0.94964	0.974797
17	-56	-44.8

v
40
18	2.38968	1.9824
18	3.71728	3.08373
18	3.61721	2.84346
18	-3.09073	-3.21077
32	0.732701	0.830483
30	0.77142	0.714798
20	-40	-32

w
40
8	2.38968	1.9824
8	3.71728	3.08373
8	3.61721	2.84346
18	-3.24457	-3.36462
32	1.6847	1.78248
30	1.17142	1.2348
20	-48	-38.4

z
33
15	2.83416	2.64
15	4.4087	4.10667
15	3.81026	3.56608
24	-2.78374	-2.682
20	1.52602	1.58648
22	0.94964	0.974797
17	-56	-44.8
