
#
16
8	2.59882	2.2344
8	4.04262	3.47573
10	4.39174	3.39328
9	-1.81217	-1.60892
10	1.1177	1.02648
11	0.768837	0.654797
8	-64	-51.2

b
16
8	1.47289	1.25424
8	2.29117	1.95104
8	2.51984	1.92077
9	-2.85967	-2.94154
10	1.2857	1.30648
11	0.848837	0.894799
8	-32	-25.6

tS
20
10	1.80125	1.77277
10	2.80194	2.75764
10	2.42641	2.29398
15	-2.08761	-2.48
10	1.97926	2.03448
13	1.38672	1.4148
10	-48	-38.4

d
14
8	2.91276	2.80728
8	4.53096	4.36688
8	4.32612	4.09728
9	-2.19739	-2.40508
5	1.38488	1.41288
5	0.834797	0.894799
7	-56	-44.8

f
15
9	1.91645	1.77408
9	2.98114	2.75968
9	3.06807	2.93418
10	-2.78915	-3.01846
8	0.678433	0.774481
8	0.758941	0.450799
8	-40	-32

g
15
7	2.99738	2.95512
7	4.66259	4.59685
7	4.55798	4.79808
9	-2.19739	-2.40508
12	1.22415	1.01528
13	1.17364	0.846799
8	-64	-51.2

k
15
7	2.99738	2.95512
7	4.66259	4.59685
7	4.55798	4.79808
9	-2.19739	-2.40508
12	1.22415	1.01528
13	1.17364	0.846799
8	-64	-51.2

l
30
8	3.47889	3.4536
8	5.4116	5.37227
12	5.17515	5.09632
15	-2.61313	-2.75123
10	1.16815	1.18328
10	0.773639	0.806798
15	-72	-57.6

m
16
8	1.47289	1.25424
8	2.29117	1.95104
8	2.51984	1.92077
9	-2.85967	-2.94154
10	1.2857	1.30648
11	0.848837	0.894799
8	-32	-25.6

n
15
7	2.99738	2.95512
7	4.66259	4.59685
7	4.55798	4.79808
9	-2.19739	-2.40508
12	1.22415	1.01528
13	1.17364	0.846799
8	-64	-51.2

p
16
8	1.55929	1.34064
8	2.42557	2.08544
8	2.57744	2.32397
9	-2.85967	-2.94154
10	1.2857	1.30648
11	0.848837	0.894799
8	-32	-25.6

r
15
7	2.99738	2.95512
7	4.66259	4.59685
7	4.55798	4.79808
9	-2.19739	-2.40508
12	1.22415	1.01528
13	1.17364	0.846799
8	-64	-51.2

s
14
8	2.91276	2.80728
8	4.53096	4.36688
8	4.32612	4.09728
9	-2.19739	-2.40508
5	1.38488	1.41288
5	0.834797	0.894799
7	-56	-44.8

SS
20
10	1.80125	1.77277
10	2.80194	2.75764
10	2.42641	2.29398
15	-2.08761	-2.48
10	2.14726	1.92248
13	2.18672	2.1348
10	-48	-38.4

t
14
8	2.91276	2.80728
8	4.53096	4.36688
8	4.32612	4.09728
9	-2.19739	-2.40508
5	1.38488	1.41288
5	0.834797	0.894799
7	-56	-44.8

th
14
8	2.91276	2.80728
8	4.53096	4.36688
8	4.32612	4.09728
9	-2.19739	-2.40508
5	1.38488	1.41288
5	0.834797	0.894799
7	-56	-44.8

v
15
9	1.91645	1.77408
9	2.98114	2.75968
9	3.06807	2.93418
10	-2.78915	-3.01846
8	0.678433	0.774481
8	0.758941	0.450799
8	-40	-32

w
15
8	1.91645	1.77408
8	2.98114	2.75968
11	3.06807	2.93418
10	-3.17376	-3.24923
8	1.63043	1.72648
13	1.15894	1.1708
8	-48	-38.4

z
14
8	2.91276	2.80728
8	4.53096	4.36688
8	4.32612	4.09728
9	-2.19739	-2.40508
5	1.38488	1.41288
5	0.834797	0.894799
7	-56	-44.8
