
#
10
5	5.04065	4.095
5	12.4078	10.08
5	23.8772	11.2798
4	-0.813986	-0.626938
7	-0.102469	-0.0258986
7	-0.110313	-0.0884965
5	-45	-36

b
10
5	2.55639	1.989
5	6.29266	4.896
5	12.6943	5.1359
4	-0.732587	-0.855844
7	-0.144469	-0.0958986
7	-0.110313	-0.078497
5	-25	-20

tS
20
10	3.5827	3.56374
10	8.81896	8.77229
10	17.2971	16.9399
5	0.895193	1.0381
5	0.182034	0.443102
5	0.132023	0.318496
5	-35	-28

d
12
7	5.87665	5.46
7	14.4656	13.44
7	26.0817	24.7438
10	-0.912879	-0.993063
8	-0.311726	-0.1869
8	-0.149294	-0.081501
6	-40	-32

f
18
9	3.74096	3.3033
9	9.20853	8.1312
9	18.6512	17.7015
10	-1.06437	-0.966656
2	-0.178529	-0.0889
13	-0.933724	-1.0565
9	-30	-24

g
14
7	6.49396	6.279
7	15.9851	15.456
7	29.6926	28.0078
9	-0.732986	-0.869938
8	-0.177472	-0.137898
8	-0.0632445	-0.0315025
7	-45	-36

k
14
7	6.49396	6.279
7	15.9851	15.456
7	29.6926	28.0078
9	-0.732986	-0.869938
8	-0.177472	-0.137898
8	-0.0632445	-0.0315025
7	-45	-36

l
20
10	7.137	7.059
10	17.568	17.376
10	30.7278	30.4558
7	-1.07406	-1.15506
14	-0.177472	-0.137898
14	-0.0632445	-0.0315025
10	-50	-40

m
10
5	2.55639	1.989
5	6.29266	4.896
5	12.6943	5.1359
4	-0.732587	-0.855844
7	-0.144469	-0.0958986
7	-0.110313	-0.078497
5	-25	-20

n
14
7	6.49396	6.279
7	15.9851	15.456
7	29.6926	28.0078
9	-0.732986	-0.869938
8	-0.177472	-0.137898
8	-0.0632445	-0.0315025
7	-45	-36

p
10
5	3.02439	2.457
5	7.44466	6.048
5	13.5103	10.8479
4	-0.732587	-0.855844
7	-0.144469	-0.0958986
7	-0.110313	-0.078497
5	-25	-20

r
14
7	6.49396	6.279
7	15.9851	15.456
7	29.6926	28.0078
9	-0.732986	-0.869938
8	-0.177472	-0.137898
8	-0.0632445	-0.0315025
7	-45	-36

s
12
7	5.87665	5.46
7	14.4656	13.44
7	26.0817	24.7438
10	-0.912879	-0.993063
8	-0.311726	-0.1869
4	-0.149294	-0.081501
6	-40	-32

SS
20
10	3.5827	3.56374
10	8.81896	8.77229
10	17.2971	16.9399
5	0.895193	1.0381
5	0.182034	0.443102
5	0.132023	0.318496
10	-35	-28

t
12
7	5.87665	5.46
7	14.4656	13.44
7	26.0817	24.7438
10	-0.912879	-0.993063
8	-0.311726	-0.1869
4	-0.149294	-0.081501
6	-40	-32

th
12
7	5.87665	5.46
7	14.4656	13.44
7	26.0817	24.7438
10	-0.912879	-0.993063
8	-0.311726	-0.1869
4	-0.149294	-0.081501
6	-40	-32

v
18
9	3.74096	3.3033
9	9.20853	8.1312
9	18.6512	17.7015
10	-1.06437	-0.966656
2	-0.178529	-0.0889
13	-0.933724	-1.0565
9	-30	-24

w
18
9	3.74096	3.3033
9	9.20853	8.1312
9	18.6512	17.7015
10	1.64757	1.94934
2	0.38529	0.5789
13	0.216276	0.443496
9	-35	-28

z
12
7	5.87665	5.46
7	14.4656	13.44
7	26.0817	24.7438
10	-0.912879	-0.993063
8	-0.311726	-0.1869
4	-0.149294	-0.081501
6	-40	-32
