
#
50
25	8.70527	5.85
25	21.4284	14.4
25	38.9548	30.9998
20	-0.891	-0.869939
35	-0.150172	-0.123899
35	-0.124668	-0.073498
25	-45	-36

b
50
25	4.75516	3.978
25	11.705	9.792
25	20.1089	17.7839
20	-0.914535	-1.00165
35	-0.150172	-0.123899
35	-0.124668	-0.073498
25	-25	-20

tS
35
18	7.80396	6.7431
18	19.2098	16.5984
18	30.2192	27.2215
5	1.056	1.2568
18	0.318218	0.0441035
18	0.218548	0.343498
18	-35	-28

d
50
30	10.5597	8.853
30	25.993	21.792
30	43.1501	36.7118
15	-1.09131	-1.19556
40	-0.402744	-0.214897
40	-0.154387	-0.106501
25	-40	-32

f
50
30	6.69154	5.26371
30	16.4715	12.9568
30	26.5256	22.451
16	-1.16802	-1.11245
36	-0.258281	-0.165897
13	-1.11368	-1.2965
25	-30	-24

g
50
25	11.1731	9.75
25	27.503	24
25	45.1499	40.5198
20	-0.935149	-1.11294
25	-0.262744	-0.284897
25	-0.104387	-0.156501
25	-45	-36

k
50
25	11.1731	9.75
25	27.503	24
25	45.1499	40.5198
20	-0.935149	-1.11294
25	-0.262744	-0.284897
25	-0.104387	-0.156501
25	-45	-36

l
46
23	11.817	10.803
23	29.088	26.592
23	46.6398	33.9918
20	-1.17231	-1.27656
21	-0.262744	-0.284897
21	-0.104387	-0.156501
23	-50	-40

m
50
25	4.75516	3.978
25	11.705	9.792
25	20.1089	17.7839
20	-0.914535	-1.00165
35	-0.150172	-0.123899
35	-0.124668	-0.073498
25	-25	-20

n
50
25	11.1731	9.75
25	27.503	24
25	45.1499	40.5198
20	-0.935149	-1.11294
25	-0.262744	-0.284897
25	-0.104387	-0.156501
25	-45	-36

p
50
25	4.75516	3.978
25	11.705	9.792
25	20.1089	17.7839
20	-0.914535	-1.00165
35	-0.150172	-0.123899
35	-0.124668	-0.073498
25	-25	-20

r
50
25	11.1731	9.75
25	27.503	24
25	45.1499	40.5198
20	-0.935149	-1.11294
25	-0.262744	-0.284897
25	-0.104387	-0.156501
25	-45	-36

s
50
30	10.5597	8.853
30	25.993	21.792
30	43.1501	36.7118
15	-1.09131	-1.19556
40	-0.402744	-0.214897
40	-0.154387	-0.106501
25	-40	-32

SS
35
18	7.80396	6.7431
18	19.2098	16.5984
18	30.2192	27.2215
5	1.056	1.2568
18	0.318218	0.0441035
18	0.218548	0.343498
18	-35	-28

t
50
30	10.5597	8.853
30	25.993	21.792
30	43.1501	36.7118
15	-1.09131	-1.19556
40	-0.402744	-0.214897
40	-0.154387	-0.106501
25	-40	-32

th
50
30	10.5597	8.853
30	25.993	21.792
30	43.1501	36.7118
15	-1.09131	-1.19556
40	-0.402744	-0.214897
40	-0.154387	-0.106501
25	-40	-32

v
50
30	6.69154	5.26371
30	16.4715	12.9568
30	26.5256	22.451
16	-1.16802	-1.11245
36	-0.258281	-0.165897
13	-1.11368	-1.2965
25	-30	-24

w
50
30	6.69154	5.26371
30	16.4715	12.9568
30	26.5256	22.451
16	1.96668	2.16805
36	0.258281	0.422103
13	0.136318	0.4035
25	-35	-28

z
50
30	10.5597	8.853
30	25.993	21.792
30	43.1501	36.7118
15	-1.09131	-1.19556
40	-0.402744	-0.214897
40	-0.154387	-0.106501
25	-40	-32
