
# a
10
5	0.0468
5	0.0576
5	0.0544
5	-0.1134
5	0.07
5	0.05
5	-25

# e
10
5	0.0468
5	0.0576
5	0.0544
5	-0.1134
5	0.07
5	0.05
5	-25

# i
10
5	0.0468
5	0.0576
5	0.0544
5	-0.1134
5	0.07
5	0.05
5	-25

# o
10
5	0.0468
5	0.0576
5	0.0544
5	-0.1134
5	0.07
5	0.05
5	-25

# u
10
5	0.0468
5	0.0576
5	0.0544
5	-0.1134
5	0.07
5	0.05
5	-25

# y
10
5	0.0468
5	0.0576
5	0.0544
5	-0.1134
5	0.07
5	0.05
5	-25

b a
15
8	-0.5265
8	-1.296
8	1.67035
9	-1.01153
7	-0.0469007
7	-0.018499
8	-15

b e
14
7	-0.505097
7	-1.24332
7	1.48705
11	-1.19731
5	-0.571901
5	-0.275001
7	-15

b i
14
7	-0.483694
7	-1.19063
7	1.30374
11	-1.38309
5	-1.0969
5	-0.531502
7	-15

b o
16
8	-0.333839
8	-0.821757
8	2.10474
10	0.736325
6	0.653099
6	0.675
8	-22.5

b u
16
8	-0.141178
8	-0.347514
8	2.53912
10	2.48418
6	1.3531
6	1.3685
8	-30

b y
16
8	-0.312436
8	-0.769072
8	1.92143
10	2.48418
6	1.3531
6	1.3685
8	-30

tS a
20
10	1.88797
10	4.64731
10	8.08123
10	1.86226
9	1.47758
9	0.954907
10	-30

tS e
14
6	1.99127
6	4.90158
6	7.65509
8	1.89685
8	1.18957
8	0.787249
7	-30

tS i
14
6	2.09457
6	5.15585
6	7.22894
8	1.93143
8	0.901559
8	0.619591
7	-30

tS o
10
4	1.94433
4	4.78603
4	7.17532
5	2.5406
4	2.28368
5	1.4617
5	-30

tS u
10
4	2.00068
4	4.92476
4	6.26941
5	3.21894
4	3.08979
5	1.9685
5	-30

tS y
10
4	2.04762
4	5.04031
4	6.74918
5	3.21894
4	3.08979
5	1.9685
5	-30

d a
12
6	2.24311
6	5.5215
6	11.7025
5	-1.22286
8	-0.147387
8	-0.050406
6	-35

d e
10
5	1.94991
5	4.79979
5	10.5201
3	-1.52603
5	-0.437895
5	-0.281916
5	-35

d i
10
5	1.65672
5	4.07809
5	9.33768
3	-1.82921
5	-0.728403
5	-0.513427
5	-35

d o
17
7	2.38253
7	5.86469
7	10.3237
14	1.05698
11	0.966497
11	0.609046
8	-35

d u
17
7	2.52195
7	6.20788
7	7.04089
14	3.33682
11	2.08038
11	1.2685
8	-35

d y
17
7	2.08934
7	5.14298
7	8.18929
14	3.33682
11	2.08038
11	1.2685
8	-35

f a
21
12	0.127497
12	0.313838
12	5.47223
11	-0.915623
14	-0.0533771
4	-2.3004
11	-20

f e
14
7	0.0180261
7	0.0443728
5	5.63501
6	-1.07486
10	-0.400139
2	-2.35406
7	-20

f i
14
7	-0.0914436
7	-0.225092
5	5.79779
6	-1.2341
10	-0.746901
2	-2.40773
7	-20

f o
15
8	0.46119
8	1.13524
8	5.17869
11	0.606836
10	0.509861
6	-1.49535
8	-20

f u
15
8	0.794884
8	1.95664
8	4.88516
11	2.1293
10	1.0731
6	-0.690292
8	-20

f y
15
8	0.35172
8	0.865772
8	5.34147
11	2.1293
10	1.0731
6	-0.690292
8	-20

g a
8
4	3.97207
4	9.77741
4	18.4397
4	-1.18692
3	-0.406387
3	-0.240406
4	-40

g e
10
6	3.79841
6	9.34993
6	17.7362
7	-1.70154
7	-0.87849
7	-0.564156
5	-40

g i
10
6	3.62475
6	8.92245
6	17.0328
7	-2.21616
7	-1.35059
7	-0.887905
5	-40

g o
15
8	3.31098
8	8.15011
8	14.5263
4	1.04482
12	0.394689
12	0.379409
8	-40

g u
15
8	2.64989
8	6.5228
8	10.613
4	3.27656
12	1.19577
12	0.999225
8	-40

g y
15
8	3.13732
8	7.72263
8	13.8229
4	3.27656
12	1.19577
12	0.999225
8	-40

k a
8
4	3.97207
4	9.77741
4	18.4397
4	-1.18692
3	-0.406387
3	-0.240406
4	-40

k e
10
6	3.79841
6	9.34993
6	17.7362
7	-1.70154
7	-0.87849
7	-0.564156
5	-40

k i
10
6	3.62475
6	8.92245
6	17.0328
7	-2.21616
7	-1.35059
7	-0.887905
5	-40

k o
15
8	3.31098
8	8.15011
8	14.5263
4	1.04482
12	0.394689
12	0.379409
8	-40

k u
15
8	2.64989
8	6.5228
8	10.613
4	3.27656
12	1.19577
12	0.999225
8	-40

k y
15
8	3.13732
8	7.72263
8	13.8229
4	3.27656
12	1.19577
12	0.999225
8	-40

l a
10
5	7.566
5	18.624
5	30.7278
3	-1.34892
3	-0.406387
3	-0.240406
5	-47.5

l e
15
8	6.77995
8	16.6891
8	28.4158
6	-1.82304
10	-0.87849
10	-0.564156
8	-47.5

l i
15
8	5.99391
8	14.7542
8	26.1038
6	-2.29716
10	-1.35059
10	-0.887905
8	-47.5

l o
18
10	6.23241
10	15.3413
10	25.7638
10	1.00432
15	0.604689
15	0.43441
9	-47.5

l u
18
10	4.89883
10	12.0586
10	20.7998
10	3.35756
15	1.61577
15	1.10923
9	-47.5

l y
18
10	5.44637
10	13.4064
10	23.4518
10	3.35756
15	1.61577
15	1.10923
9	-47.5

m a
15
8	-0.479906
8	-1.18131
8	1.78719
10	-0.119837
10	-0.0469007
10	-0.031502
8	-15

m e
14
7	-0.461713
7	-1.13652
7	1.89815
7	-0.467962
4	-0.571901
4	-0.281502
7	-15

m i
14
7	-0.443519
7	-1.09174
7	2.0091
7	-0.816088
4	-1.0969
4	-0.531502
7	-15

m o
16
8	-0.318667
8	-0.78441
8	2.73402
11	0.455954
10	0.653099
10	0.418499
8	-15

m u
16
8	-0.157426
8	-0.38751
8	3.68084
11	1.03175
10	1.3531
10	0.8685
8	-15

m y
16
8	-0.300472
8	-0.739626
8	2.84497
11	1.03175
10	1.3531
10	0.8685
8	-15

n a
8
4	3.97207
4	9.77741
4	18.4397
4	-1.18692
3	-0.406387
3	-0.240406
4	-40

n e
10
6	3.79841
6	9.34993
6	17.7362
7	-1.70154
7	-0.87849
7	-0.564156
5	-40

n i
10
6	3.62475
6	8.92245
6	17.0328
7	-2.21616
7	-1.35059
7	-0.887905
5	-40

n o
15
8	3.31098
8	8.15011
8	14.5263
4	1.04482
12	0.394689
12	0.379409
8	-40

n u
15
8	2.64989
8	6.5228
8	10.613
4	3.27656
12	1.19577
12	0.999225
8	-40

n y
15
8	3.13732
8	7.72263
8	13.8229
4	3.27656
12	1.19577
12	0.999225
8	-40

p a
15
8	-0.582413
8	-1.43363
8	1.80252
10	-0.142024
9	-0.0469007
9	-0.031502
8	-15

p e
14
7	-0.547352
7	-1.34733
7	1.50412
11	-0.479056
4	-0.571901
4	-0.281502
7	-15

p i
14
7	-0.51229
7	-1.26102
7	1.20572
11	-0.816088
4	-1.0969
4	-0.531502
7	-15

p o
16
8	-0.394222
8	-0.970393
8	2.5206
14	0.222441
12	0.653099
12	0.468498
8	-15

p u
16
8	-0.206031
8	-0.507151
8	3.23868
14	0.586907
12	1.3531
12	0.968498
8	-15

p y
16
8	-0.35916
8	-0.884086
8	2.2222
14	0.586907
12	1.3531
12	0.968498
8	-15

r a
8
4	3.97207
4	9.77741
4	18.4397
4	-1.18692
3	-0.406387
3	-0.240406
4	-40

r e
8
6	3.79841
6	9.34993
6	17.7362
7	-1.70154
7	-0.87849
7	-0.564156
5	-40

r i
10
6	3.62475
6	8.92245
6	17.0328
7	-2.21616
7	-1.35059
7	-0.887905
5	-40

r o
15
8	3.31098
8	8.15011
8	14.5263
4	1.04482
12	0.394689
12	0.379409
8	-40

r u
15
8	2.64989
8	6.5228
8	10.613
4	3.27656
12	1.19577
12	0.999225
8	-40

r y
15
8	3.13732
8	7.72263
8	13.8229
4	3.27656
12	1.19577
12	0.999225
8	-40

s a
12
6	2.24311
6	5.5215
6	11.7025
5	-1.22286
8	-0.147387
8	-0.050406
6	-35

s e
10
5	1.94991
5	4.79979
5	10.5201
3	-1.52603
5	-0.437895
5	-0.281916
5	-35

s i
10
5	1.65672
5	4.07809
5	9.33768
3	-1.82921
5	-0.728403
5	-0.513427
5	-35

s o
20
7	2.38253
7	5.86469
7	10.3237
14	1.05698
11	0.966497
11	0.609046
8	-35

s u
17
7	2.52195
7	6.20788
7	7.04089
14	3.33682
11	2.08038
11	1.2685
8	-35

s y
20
7	2.08934
7	5.14298
7	8.18929
14	3.33682
11	2.08038
11	1.2685
8	-35

SS a
20
10	1.88797
10	4.64731
10	8.08123
10	1.86226
9	1.47758
9	0.954907
10	-30

SS e
14
7	1.87414
7	4.61327
7	8.487
8	1.89685
8	1.26731
8	0.928074
7	-30

SS i
14
7	1.86031
7	4.57923
7	8.89276
8	1.93143
8	1.05704
8	0.901241
7	-30

SS o
10
5	1.94433
5	4.78603
5	7.17532
5	2.5406
5	1.93368
5	1.2117
5	-30

SS u
10
5	2.00068
5	4.92476
5	6.26941
5	3.21894
5	2.38979
5	1.4685
5	-30

SS y
10
5	1.9305
5	4.75199
5	7.58109
5	3.21894
5	2.38979
5	1.4685
5	-30

t a
12
6	2.78911
6	6.8655
6	12.6545
5	-1.22286
8	-0.147387
8	-0.050406
6	-35

t e
10
5	2.22292
5	5.47179
5	10.9961
3	-1.52603
5	-0.437895
5	-0.281916
5	-35

t i
10
5	1.65672
5	4.07809
5	8.57608
3	-1.82921
5	-0.728403
5	-0.513427
5	-35

t o
16
7	2.65553
7	6.53669
7	10.7997
14	1.05698
11	0.966497
11	0.609046
8	-35

t u
17
7	2.52195
7	6.20788
7	7.04089
14	3.33682
11	2.08038
11	1.2685
8	-35

t y
16
7	2.08934
7	5.14298
7	8.18929
14	3.33682
11	2.08038
11	1.2685
8	-35

th a
12
6	2.24311
6	5.5215
6	11.7025
5	-1.22286
8	-0.147387
8	-0.050406
6	-35

th e
10
5	1.94991
5	4.79979
5	11.4721
3	-1.52603
5	-0.437895
5	-0.281916
5	-35

th i
10
5	1.65672
5	4.07809
5	11.2417
3	-1.82921
5	-0.728403
5	-0.513427
5	-35

th o
16
7	2.38253
7	5.86469
7	9.37171
14	1.05698
11	0.966497
11	0.609046
8	-35

th u
17
7	2.52195
7	6.20788
7	7.04089
14	3.33682
11	2.08038
11	1.2685
8	-35

th y
16
7	2.08934
7	5.14298
7	9.14129
14	3.33682
11	2.08038
11	1.2685
8	-35

v a
21
12	0.127497
12	0.313838
12	5.47223
11	-0.915623
14	-0.0533771
4	-2.3004
11	-20

v e
14
7	0.0180261
7	0.0443728
5	5.63501
6	-1.07486
10	-0.400139
2	-2.35406
7	-20

v i
14
7	-0.0914436
7	-0.225092
5	5.79779
6	-1.2341
10	-0.746901
2	-2.40773
7	-20

v o
15
8	0.46119
8	1.13524
8	5.17869
11	0.606836
10	0.509861
6	-1.49535
8	-20

v u
15
8	0.794884
8	1.95664
8	4.88516
11	2.1293
10	1.0731
6	-0.690292
8	-20

v y
15
8	0.35172
8	0.865772
8	5.34147
11	2.1293
10	1.0731
6	-0.690292
8	-20

w a
18
9	1.84304
9	4.53672
9	7.36349
9	2.97464
2	0.704983
2	0.636318
9	-30

w e
14
7	1.42824
7	3.51566
7	6.7924
9	2.74158
7	0.644041
7	0.594557
7	-30

w i
14
7	1.01343
7	2.49461
7	6.2213
9	2.50852
7	0.5831
7	0.552796
7	-30

w o
15
8	1.44165
8	3.54867
8	6.74222
11	3.34851
10	1.48709
13	1.07853
8	-30

w u
15
8	1.04025
8	2.56062
8	6.12095
11	3.72239
10	2.26921
13	1.52074
8	-30

w y
15
8	1.02684
8	2.52761
8	6.17112
11	3.72239
10	2.26921
13	1.52074
8	-30

z a
12
6	2.24311
6	5.5215
6	11.7025
5	-1.22286
8	-0.147387
8	-0.050406
6	-35

z e
10
5	1.94991
5	4.79979
5	10.5201
3	-1.52603
5	-0.437895
5	-0.281916
5	-35

z i
10
5	1.65672
5	4.07809
5	9.33768
3	-1.82921
5	-0.728403
5	-0.513427
5	-35

z o
20
7	2.38253
7	5.86469
7	10.3237
14	1.05698
11	0.966497
11	0.609046
8	-35

z u
17
7	2.52195
7	6.20788
7	7.04089
14	3.33682
11	2.08038
11	1.2685
8	-35

z y
20
7	2.08934
7	5.14298
7	8.18929
14	3.33682
11	2.08038
11	1.2685
8	-35
