
#
40
30	7.69561	5.8305
30	18.9431	14.352
30	33.7528	28.9598
26	-1.19271	-1.12104
20	-0.423807	-0.330399
25	-0.218603	-0.227499
20	-45	-36

b
40
20	4.14937	3.6153
20	10.2138	8.8992
20	17.8037	16.1519
26	-1.20633	-1.30491
20	-0.322307	-0.340899
25	-0.186103	-0.167499
20	-25	-20

tS
35
15	6.5222	5.88315
15	16.0546	14.4816
15	26.5627	24.0323
16	1.04999	1.34792
17	0.231714	0.194603
13	0.160811	0.363499
18	-35	-28

d
35
15	8.70582	7.7025
15	21.4297	18.96
15	36.0545	31.3398
16	-1.41167	-1.37781
17	-0.726867	-0.599897
13	-0.42346	-0.361502
18	-40	-32

f
60
35	5.61399	3.88766
35	13.819	9.56962
35	22.5894	18.4579
15	-1.4296	-1.4405
33	-0.676153	-0.648896
25	-1.05547	-1.2765
30	-30	-24

g
25
11	8.90519	8.112
11	21.9205	19.968
11	36.8724	34.0598
8	-1.50276	-1.64025
12	-0.656867	-0.634897
13	-0.39846	-0.386502
13	-45	-36

k
25
11	8.90519	8.112
11	21.9205	19.968
11	36.8724	34.0598
8	-1.50276	-1.64025
12	-0.656867	-0.634897
13	-0.39846	-0.386502
13	-45	-36

l
50
21	10.1605	8.9115
21	25.0105	21.936
21	40.4497	31.4078
18	-1.66184	-1.76256
20	-0.656867	-0.634897
20	-0.39846	-0.386502
25	-50	-40

m
40
20	4.14937	3.6153
20	10.2138	8.8992
20	17.8037	16.1519
26	-1.20633	-1.30491
20	-0.322307	-0.340899
25	-0.186103	-0.167499
20	-25	-20

n
25
11	8.90519	8.112
11	21.9205	19.968
11	36.8724	34.0598
8	-1.50276	-1.64025
12	-0.656867	-0.634897
13	-0.39846	-0.386502
13	-45	-36

p
40
20	4.14937	3.6153
20	10.2138	8.8992
20	17.8037	16.1519
26	-1.20633	-1.30491
20	-0.322307	-0.340899
25	-0.186103	-0.167499
20	-25	-20

r
25
11	8.90519	8.112
11	21.9205	19.968
11	36.8724	34.0598
8	-1.50276	-1.64025
12	-0.656867	-0.634897
13	-0.39846	-0.386502
13	-45	-36

s
35
15	8.70582	7.7025
15	21.4297	18.96
15	36.0545	31.3398
16	-1.41167	-1.37781
17	-0.726867	-0.599897
13	-0.42346	-0.361502
18	-40	-32

SS
35
15	6.5222	5.88315
15	16.0546	14.4816
15	26.5627	24.0323
16	1.04999	1.34792
17	0.231714	0.194603
13	0.160811	0.363499
18	-35	-28

t
35
15	8.70582	7.7025
15	21.4297	18.96
15	36.0545	31.3398
16	-1.41167	-1.37781
17	-0.726867	-0.599897
13	-0.42346	-0.361502
18	-40	-32

th
35
15	8.70582	7.7025
15	21.4297	18.96
15	36.0545	31.3398
16	-1.41167	-1.37781
17	-0.726867	-0.599897
13	-0.42346	-0.361502
18	-40	-32

v
60
35	5.61399	3.88766
35	13.819	9.56962
35	22.5894	18.4579
15	-1.4296	-1.4405
33	-0.676153	-0.648896
25	-1.05547	-1.2765
30	-30	-24

w
60
35	5.61399	3.88766
35	13.819	9.56962
35	22.5894	18.4579
15	1.68313	1.84
33	0.212127	0.450101
25	0.269533	0.548498
30	-35	-28

z
35
15	8.70582	7.7025
15	21.4297	18.96
15	36.0545	31.3398
16	-1.00667	-0.972811
17	-0.726867	-0.599897
13	-0.42346	-0.361502
18	-40	-32
