
#
14
7	4.76125	3.8415
7	11.72	9.456
7	22.3589	14.9858
9	-1.1129	-0.999539
2	-0.35262	-0.246399
3	-0.1042	-0.085998
7	-45	-36

b
14
7	2.50575	2.0709
7	6.168	5.0976
7	12.3954	8.1755
9	-1.04317	-1.15911
2	-0.303622	-0.298899
3	-0.156113	-0.172498
7	-25	-20

tS
15
10	3.68051	3.58367
10	9.05971	8.82135
10	15.0358	14.2267
11	0.86024	1.05632
3	0.270237	0.529901
5	0.175807	0.368497
8	-35	-28

d
10
6	5.15205	4.80675
6	12.682	11.832
6	24.1768	23.2138
4	-1.23397	-1.21095
5	-0.612402	-0.547399
5	-0.381361	-0.331502
5	-40	-32

f
12
6	3.14349	2.7846
6	7.73783	6.8544
6	16.5553	15.6547
6	-1.30841	-1.29471
4	-0.564077	-0.550899
10	-0.873792	-0.996503
6	-30	-24

g
15
7	6.1154	5.9865
7	15.0533	14.736
7	27.9569	26.9878
10	-1.35736	-1.458
11	-0.545275	-0.522898
11	-0.338336	-0.306502
8	-45	-36

k
15
7	6.1154	5.9865
7	15.0533	14.736
7	27.9569	26.9878
10	-1.35736	-1.458
11	-0.545275	-0.522898
11	-0.338336	-0.306502
8	-45	-36

l
20
10	6.58622	6.5169
10	16.2122	16.0416
10	27.9378	27.8378
9	-1.56839	-1.64106
11	-0.545275	-0.522898
11	-0.338336	-0.306502
10	-50	-40

m
14
7	2.50575	2.0709
7	6.168	5.0976
7	12.3954	8.1755
9	-1.04317	-1.15911
2	-0.303622	-0.298899
3	-0.156113	-0.172498
7	-25	-20

n
15
7	6.1154	5.9865
7	15.0533	14.736
7	27.9569	26.9878
10	-1.35736	-1.458
11	-0.545275	-0.522898
11	-0.338336	-0.306502
8	-45	-36

p
14
7	2.73975	2.3049
7	6.744	5.6736
7	12.8034	11.0315
9	-1.04317	-1.15911
2	-0.303622	-0.298899
3	-0.156113	-0.172498
7	-25	-20

r
15
7	6.1154	5.9865
7	15.0533	14.736
7	27.9569	26.9878
10	-1.35736	-1.458
11	-0.545275	-0.522898
11	-0.338336	-0.306502
8	-45	-36

s
10
6	5.15205	4.80675
6	12.682	11.832
6	24.1768	23.2138
4	-1.23397	-1.21095
2	-0.612402	-0.547399
5	-0.381361	-0.331502
5	-40	-32

SS
15
10	3.68051	3.58367
10	9.05971	8.82135
10	15.0358	14.2267
11	0.86024	1.05632
3	0.270237	0.529901
5	0.175807	0.368497
8	-35	-28

t
10
6	5.15205	4.80675
6	12.682	11.832
6	24.1768	23.2138
4	-1.23397	-1.21095
2	-0.612402	-0.547399
5	-0.381361	-0.331502
5	-40	-32

th
10
6	5.15205	4.80675
6	12.682	11.832
6	24.1768	23.2138
4	-1.23397	-1.21095
2	-0.612402	-0.547399
5	-0.381361	-0.331502
5	-40	-32

v
12
6	3.14349	2.7846
6	7.73783	6.8544
6	16.5553	15.6547
6	-1.30841	-1.29471
4	-0.564077	-0.550899
10	-0.873792	-0.996503
6	-30	-24

w
12
6	3.14349	2.7846
6	7.73783	6.8544
6	16.5553	15.6547
6	1.38131	1.91289
4	0.347831	0.483001
10	0.276208	0.453497
6	-35	-28

z
10
6	5.15205	4.80675
6	12.682	11.832
6	24.1768	23.2138
4	-1.23397	-1.21095
2	-0.612402	-0.547399
5	-0.381361	-0.331502
5	-40	-32
