
#
14
7	4.48184	3.588
7	11.0322	8.832
7	20.8407	18.6918
9	-1.41182	-1.37214
2	-0.602771	-0.4669
3	-0.0980875	-0.0835
7	-45	-36

b
14
7	2.45511	2.1528
7	6.04334	5.2992
7	12.0964	11.2151
9	-1.35376	-1.46237
2	-0.462773	-0.501899
3	-0.201913	-0.2665
7	-25	-20

tS
15
10	3.77832	3.6036
10	9.30047	8.8704
10	12.7745	11.5135
11	0.825286	1.07455
3	0.358441	0.616699
5	0.219591	0.418499
8	-35	-28

d
10
6	4.42744	4.1535
6	10.8983	10.224
6	22.2719	21.6838
4	-1.55506	-1.42884
5	-0.913077	-0.907898
5	-0.613427	-0.581502
5	-40	-32

f
12
6	2.54602	2.2659
6	6.26713	5.5776
6	14.4594	13.6079
6	-1.55246	-1.62275
4	-0.949626	-1.0129
10	-0.81386	-0.936503
6	-30	-24

g
15
7	5.73683	5.694
7	14.1214	14.016
7	26.2211	25.9678
10	-1.98173	-2.04606
11	-0.913077	-0.907898
11	-0.613427	-0.581502
8	-45	-36

k
15
7	5.73683	5.694
7	14.1214	14.016
7	26.2211	25.9678
10	-1.98173	-2.04606
11	-0.913077	-0.907898
11	-0.613427	-0.581502
8	-45	-36

l
20
10	6.03544	5.9748
10	14.8565	14.7072
10	25.1477	25.2198
9	-2.06273	-2.12706
11	-0.913077	-0.907898
11	-0.613427	-0.581502
10	-50	-40

m
14
7	2.45511	2.1528
7	6.04334	5.2992
7	12.0964	11.2151
9	-1.35376	-1.46237
2	-0.462773	-0.501899
3	-0.201913	-0.2665
7	-25	-20

n
15
7	5.73683	5.694
7	14.1214	14.016
7	26.2211	25.9678
10	-1.98173	-2.04606
11	-0.913077	-0.907898
11	-0.613427	-0.581502
8	-45	-36

p
14
7	2.45511	2.1528
7	6.04334	5.2992
7	12.0964	11.2151
9	-1.35376	-1.46237
2	-0.462773	-0.501899
3	-0.201913	-0.2665
7	-25	-20

r
15
7	5.73683	5.694
7	14.1214	14.016
7	26.2211	25.9678
10	-1.98173	-2.04606
11	-0.913077	-0.907898
11	-0.613427	-0.581502
8	-45	-36

s
10
6	4.42744	4.1535
6	10.8983	10.224
6	22.2719	21.6838
4	-1.55506	-1.42884
2	-0.913077	-0.907898
5	-0.613427	-0.581502
5	-40	-32

SS
15
10	3.77832	3.6036
10	9.30047	8.8704
10	12.7745	11.5135
11	0.825286	1.07455
3	0.358441	0.616699
5	0.219591	0.418499
8	-35	-28

t
10
6	4.42744	4.1535
6	10.8983	10.224
6	22.2719	21.6838
4	-1.55506	-1.42884
2	-0.913077	-0.907898
5	-0.613427	-0.581502
5	-40	-32

th
10
6	4.42744	4.1535
6	10.8983	10.224
6	22.2719	21.6838
4	-1.55506	-1.42884
2	-0.913077	-0.907898
5	-0.613427	-0.581502
5	-40	-32

v
12
6	2.54602	2.2659
6	6.26713	5.5776
6	14.4594	13.6079
6	-1.55246	-1.62275
4	-0.949626	-1.0129
10	-0.81386	-0.936503
6	-30	-24

w
12
6	2.54602	2.2659
6	6.26713	5.5776
6	14.4594	13.6079
6	1.11506	1.87645
4	0.310373	0.387101
10	0.33614	0.463497
6	-35	-28

z
10
6	4.42744	4.1535
6	10.8983	10.224
6	22.2719	21.6838
4	-1.55506	-1.42884
2	-0.913077	-0.907898
5	-0.613427	-0.581502
5	-40	-32
