
#
40
30	6.68596	5.811
30	16.4577	14.304
30	28.5507	26.9198
26	-1.49442	-1.37214
20	-0.697442	-0.536899
25	-0.312538	-0.3815
20	-45	-36

b
40
20	3.54358	3.2526
20	8.72265	8.0064
20	15.4984	14.5199
26	-1.49812	-1.60818
20	-0.494442	-0.557899
25	-0.247538	-0.2615
20	-25	-20

tS
35
15	5.24043	5.0232
15	12.8995	12.3648
15	22.9063	20.8431
16	1.04399	1.43904
17	0.14521	0.345103
13	0.103073	0.383499
18	-35	-28

d
35
15	6.85196	6.552
15	16.8664	16.128
15	28.9589	25.9678
16	-1.73202	-1.56006
17	-1.05099	-0.984897
13	-0.692533	-0.616503
18	-40	-32

f
60
35	4.53644	2.5116
35	11.1666	6.1824
35	18.6532	14.4647
15	-1.69118	-1.76855
33	-1.09403	-1.1319
25	-0.997252	-1.2565
30	-30	-24

g
25
11	6.63727	6.474
11	16.3379	15.936
11	28.5949	27.5998
8	-2.07037	-2.16756
12	-1.05099	-0.984897
13	-0.692533	-0.616503
13	-45	-36

k
25
11	6.63727	6.474
11	16.3379	15.936
11	28.5949	27.5998
8	-2.07037	-2.16756
12	-1.05099	-0.984897
13	-0.692533	-0.616503
13	-45	-36

l
50
21	8.50401	7.02
21	20.9329	17.28
21	34.2596	28.8238
18	-2.15137	-2.24856
20	-1.05099	-0.984897
20	-0.692533	-0.616503
25	-50	-40

m
40
20	3.54358	3.2526
20	8.72265	8.0064
20	15.4984	14.5199
26	-1.49812	-1.60818
20	-0.494442	-0.557899
25	-0.247538	-0.2615
20	-25	-20

n
25
11	6.63727	6.474
11	16.3379	15.936
11	28.5949	27.5998
8	-2.07037	-2.16756
12	-1.05099	-0.984897
13	-0.692533	-0.616503
13	-45	-36

p
40
20	3.54358	3.2526
20	8.72265	8.0064
20	15.4984	14.5199
26	-1.49812	-1.60818
20	-0.494442	-0.557899
25	-0.247538	-0.2615
20	-25	-20

r
25
11	6.63727	6.474
11	16.3379	15.936
11	28.5949	27.5998
8	-2.07037	-2.16756
12	-1.05099	-0.984897
13	-0.692533	-0.616503
13	-45	-36

s
35
15	6.85196	6.552
15	16.8664	16.128
15	28.9589	25.9678
16	-1.73202	-1.56006
17	-1.05099	-0.984897
13	-0.692533	-0.616503
18	-40	-32

SS
35
15	5.24043	5.0232
15	12.8995	12.3648
15	22.9063	20.8431
16	1.04399	1.43904
17	0.14521	0.345103
13	0.103073	0.383499
18	-35	-28

t
35
15	6.85196	6.552
15	16.8664	16.128
15	28.9589	25.9678
16	-1.73202	-1.56006
17	-1.05099	-0.984897
13	-0.692533	-0.616503
18	-40	-32

th
35
15	6.85196	6.552
15	16.8664	16.128
15	28.9589	25.9678
16	-1.73202	-1.56006
17	-1.05099	-0.984897
13	-0.692533	-0.616503
18	-40	-32

v
60
35	4.53644	2.5116
35	11.1666	6.1824
35	18.6532	14.4647
15	-1.69118	-1.76855
33	-1.09403	-1.1319
25	-0.997252	-1.2565
30	-30	-24

w
60
35	4.53644	2.5116
35	11.1666	6.1824
35	18.6532	14.4647
15	1.39958	1.51194
33	0.165974	0.478099
25	0.402748	0.693497
30	-35	-28

z
35
15	6.85196	6.552
15	16.8664	16.128
15	28.9589	25.9678
16	-0.922023	-0.75006
17	-1.05099	-0.984897
13	-0.692533	-0.616503
18	-40	-32
