
#
44
16	7.35474	5.68425
16	18.104	13.992
16	31.8893	25.8318
31	0.812312	0.729
27	0.75109	0.6146
39	0.455003	0.397501
22	-40	-32

b
44
22	3.59384	3.41055
22	8.84638	8.3952
22	16.6856	14.6831
31	1.00281	1.0206
27	0.82109	0.859601
39	0.555004	0.611174
22	-20	-16

tS
34
10	5.75989	4.63963
10	14.1782	11.4206
8	22.7081	19.0819
10	1.71721	1.96757
8	1.56433	1.4686
15	1.04387	1.1285
17	-30	-24

d
33
15	7.58259	6.5715
15	18.6648	16.176
15	29.6718	25.9338
24	1.08283	0.97119
20	0.752394	0.884103
22	0.516331	0.555997
17	-35	-28

f
40
18	5.28738	4.24256
18	13.0151	10.4432
18	20.9494	17.2679
18	0.880531	0.965197
32	0.328797	0.436103
30	-0.0747035	-0.201502
20	-25	-20

g
40
20	8.34616	6.46425
20	20.5444	15.912
20	34.2316	28.4158
20	1.07991	1.02465
25	0.60237	0.534101
32	0.582055	0.5435
20	-40	-32

k
40
20	8.34616	6.46425
20	20.5444	15.912
20	34.2316	28.4158
20	1.07991	1.02465
25	0.60237	0.534101
32	0.582055	0.5435
20	-40	-32

l
35
13	8.80747	8.0535
13	21.6799	19.824
10	35.0859	26.5118
17	1.01837	1.01169
25	0.632679	0.639102
25	0.457056	0.455997
18	-45	-36

m
44
22	3.59384	3.41055
22	8.84638	8.3952
22	16.6856	14.6831
31	1.00281	1.0206
27	0.82109	0.859601
39	0.555004	0.611174
22	-20	-16

n
40
20	8.34616	6.46425
20	20.5444	15.912
20	34.2316	28.4158
20	1.07991	1.02465
25	0.60237	0.534101
32	0.582055	0.5435
20	-40	-32

p
44
22	3.59384	3.41055
22	8.84638	8.3952
22	16.6856	14.6831
31	1.00281	1.0206
27	0.82109	0.859601
39	0.555004	0.611174
22	-20	-16

r
40
20	8.34616	6.46425
20	20.5444	15.912
20	34.2316	28.4158
20	1.07991	1.02465
25	0.60237	0.534101
32	0.582055	0.5435
20	-40	-32

s
33
15	7.58259	6.5715
15	18.6648	16.176
15	29.6718	25.9338
24	1.08283	0.97119
20	0.752394	0.884103
22	0.516331	0.555997
17	-35	-28

SS
34
20	5.75989	4.63963
20	14.1782	11.4206
20	22.7081	19.0819
10	1.71721	1.96757
8	0.794333	1.1536
15	0.593874	0.803497
17	-30	-24

t
33
15	7.58259	6.5715
15	18.6648	16.176
15	29.6718	25.9338
24	1.08283	0.97119
20	0.752394	0.884103
22	0.516331	0.555997
17	-35	-28

th
33
15	7.58259	6.5715
15	18.6648	16.176
15	29.6718	25.9338
24	1.08283	0.97119
20	0.752394	0.884103
22	0.516331	0.555997
17	-35	-28

v
40
18	5.28738	4.24256
18	13.0151	10.4432
18	20.9494	17.2679
18	0.880531	0.965197
32	0.328797	0.436103
30	-0.0747035	-0.201502
20	-25	-20

w
40
8	5.28738	4.24256
8	13.0151	10.4432
8	20.9494	17.2679
18	2.52078	2.67835
32	1.18208	1.3251
30	0.800296	0.973499
20	-30	-24

z
33
15	7.58259	6.5715
15	18.6648	16.176
15	29.6718	25.9338
24	1.08283	0.97119
20	0.752394	0.884103
22	0.516331	0.555997
17	-35	-28
