
#
16
8	4.45668	3.7635
8	10.9703	9.264
10	20.1541	13.5238
9	0.653124	0.627749
10	0.647326	0.628601
11	0.425366	0.365
8	-40	-32

b
16
8	2.44001	2.0241
8	6.00617	4.9824
8	11.2765	7.29831
9	0.988762	0.965925
10	0.731326	0.768602
11	0.475367	0.520001
8	-20	-16

tS
20
10	3.11436	3.07589
10	7.66613	7.57142
10	12.3079	11.8038
15	1.43681	1.6942
10	1.32806	1.4931
13	0.932715	1.0435
10	-30	-24

d
14
8	5.05992	4.81845
8	12.4552	11.8608
8	20.5848	19.5078
9	0.829031	0.910439
5	0.709688	0.7896
5	0.447101	0.518499
7	-35	-28

f
15
9	3.2933	3.003
9	8.10657	7.392
9	14.6427	13.9649
10	0.789455	0.946969
8	0.334756	0.439601
8	0.0074765	-0.246502
8	-25	-20

g
15
7	5.33452	5.22405
7	13.1311	12.8592
7	22.3203	22.5678
9	0.918977	0.972001
12	0.67636	0.565603
13	0.701902	0.513498
8	-40	-32

k
15
7	5.33452	5.22405
7	13.1311	12.8592
7	22.3203	22.5678
9	0.918977	0.972001
12	0.67636	0.565603
13	0.701902	0.513498
8	-40	-32

l
30
8	6.07714	6.0255
8	14.9591	14.832
12	24.4896	24.1726
15	0.99165	1.03194
10	0.64136	0.670602
10	0.451902	0.488497
15	-45	-36

m
16
8	2.44001	2.0241
8	6.00617	4.9824
8	11.2765	7.29831
9	0.988762	0.965925
10	0.731326	0.768602
11	0.475367	0.520001
8	-20	-16

n
15
7	5.33452	5.22405
7	13.1311	12.8592
7	22.3203	22.5678
9	0.918977	0.972001
12	0.67636	0.565603
13	0.701902	0.513498
8	-40	-32

p
16
8	2.67401	2.2581
8	6.58217	5.5584
8	11.6845	10.1543
9	0.988762	0.965925
10	0.731326	0.768602
11	0.475367	0.520001
8	-20	-16

r
15
7	5.33452	5.22405
7	13.1311	12.8592
7	22.3203	22.5678
9	0.918977	0.972001
12	0.67636	0.565603
13	0.701902	0.513498
8	-40	-32

s
14
8	5.05992	4.81845
8	12.4552	11.8608
8	20.5848	19.5078
9	0.829031	0.910439
5	0.709688	0.7896
5	0.447101	0.518499
7	-35	-28

SS
20
10	3.11436	3.07589
10	7.66613	7.57142
10	12.3079	11.8038
15	1.43681	1.6942
10	1.43306	1.4231
13	1.43271	1.4935
10	-30	-24

t
14
8	5.05992	4.81845
8	12.4552	11.8608
8	20.5848	19.5078
9	0.829031	0.910439
5	0.709688	0.7896
5	0.447101	0.518499
7	-35	-28

th
14
8	5.05992	4.81845
8	12.4552	11.8608
8	20.5848	19.5078
9	0.829031	0.910439
5	0.709688	0.7896
5	0.447101	0.518499
7	-35	-28

v
15
9	3.2933	3.003
9	8.10657	7.392
9	14.6427	13.9649
10	0.789455	0.946969
8	0.334756	0.439601
8	0.0074765	-0.246502
8	-25	-20

w
15
8	3.2933	3.003
8	8.10657	7.392
11	14.6427	13.9649
10	2.32767	2.51432
8	1.21167	1.3685
13	0.832478	0.953498
8	-30	-24

z
14
8	5.05992	4.81845
8	12.4552	11.8608
8	20.5848	19.5078
9	0.829031	0.910439
5	0.709688	0.7896
5	0.447101	0.518499
7	-35	-28
