
#
16
8	3.87271	3.432
8	9.53281	8.448
10	16.431	15.7678
9	2.12023	1.88244
10	1.39712	1.2831
11	0.961046	0.818497
8	-40	-32

b
16
8	2.32362	2.0592
8	5.71969	5.0688
8	9.85863	9.46071
9	2.71011	2.78769
10	1.60712	1.6331
11	1.06105	1.1185
8	-20	-16

tS
20
10	2.64603	2.58804
10	6.5133	6.37056
10	7.31873	6.66781
15	1.97843	2.3503
10	2.47408	2.5431
13	1.73341	1.7685
10	-30	-24

d
14
8	4.2432	4.1769
8	10.4448	10.2816
8	15.0878	14.2718
9	2.57094	2.81394
5	1.7311	1.7661
5	1.0435	1.1185
7	-35	-28

f
15
9	2.84563	2.7027
9	7.00462	6.6528
9	10.6342	10.2283
10	2.64328	2.86059
8	0.848041	0.968101
8	0.948677	0.5635
8	-25	-20

g
15
7	4.17507	4.1691
7	10.2771	10.2624
7	14.9481	17.1278
9	2.57094	2.81394
12	1.53019	1.2691
13	1.46705	1.0585
8	-40	-32

k
15
7	4.17507	4.1691
7	10.2771	10.2624
7	14.9481	17.1278
9	2.57094	2.81394
12	1.53019	1.2691
13	1.46705	1.0585
8	-40	-32

l
30
8	5.01728	4.992
8	12.3502	12.288
12	18.2514	17.8894
15	3.05736	3.21894
10	1.46019	1.4791
10	0.967049	1.0085
15	-45	-36

m
16
8	2.32362	2.0592
8	5.71969	5.0688
8	9.85863	9.46071
9	2.71011	2.78769
10	1.60712	1.6331
11	1.06105	1.1185
8	-20	-16

n
15
7	4.17507	4.1691
7	10.2771	10.2624
7	14.9481	17.1278
9	2.57094	2.81394
12	1.53019	1.2691
13	1.46705	1.0585
8	-40	-32

p
16
8	2.32362	2.0592
8	5.71969	5.0688
8	9.85863	9.46071
9	2.71011	2.78769
10	1.60712	1.6331
11	1.06105	1.1185
8	-20	-16

r
15
7	4.17507	4.1691
7	10.2771	10.2624
7	14.9481	17.1278
9	2.57094	2.81394
12	1.53019	1.2691
13	1.46705	1.0585
8	-40	-32

s
14
8	4.2432	4.1769
8	10.4448	10.2816
8	15.0878	14.2718
9	2.57094	2.81394
5	1.7311	1.7661
5	1.0435	1.1185
7	-35	-28

SS
20
10	2.64603	2.58804
10	6.5133	6.37056
10	7.31873	6.66781
15	1.97843	2.3503
10	2.68408	2.4031
13	2.73341	2.6685
10	-30	-24

t
14
8	4.2432	4.1769
8	10.4448	10.2816
8	15.0878	14.2718
9	2.57094	2.81394
5	1.7311	1.7661
5	1.0435	1.1185
7	-35	-28

th
14
8	4.2432	4.1769
8	10.4448	10.2816
8	15.0878	14.2718
9	2.57094	2.81394
5	1.7311	1.7661
5	1.0435	1.1185
7	-35	-28

v
15
9	2.84563	2.7027
9	7.00462	6.6528
9	10.6342	10.2283
10	2.64328	2.86059
8	0.848041	0.968101
8	0.948677	0.5635
8	-25	-20

w
15
8	2.84563	2.7027
8	7.00462	6.6528
11	10.6342	10.2283
10	3.00778	3.07929
8	2.03804	2.1581
13	1.44868	1.4635
8	-30	-24

z
14
8	4.2432	4.1769
8	10.4448	10.2816
8	15.0878	14.2718
9	2.57094	2.81394
5	1.7311	1.7661
5	1.0435	1.1185
7	-35	-28
