
#
44
16	6.00421	5.5185
16	14.7796	13.584
16	24.8237	20.6638
31	2.51562	2.32794
27	1.65235	1.3531
39	1.03468	0.8685
22	-40	-32

b
44
22	2.43252	2.8431
22	5.98775	6.9984
22	13.2622	11.5823
31	2.92016	3.04284
27	1.79235	1.8431
39	1.23468	1.29585
22	-20	-16

tS
34
10	3.71581	2.53617
10	9.14661	6.24288
8	15.197	10.9423
10	2.37842	2.67835
8	2.81045	2.8931
15	1.8692	1.9135
17	-30	-24

d
33
15	4.60551	4.29
15	11.3366	10.56
15	16.1936	15.1558
24	3.25698	3.13794
20	1.90753	1.9831
22	1.18705	1.2185
17	-35	-28

f
40
18	3.88323	3.2214
18	9.55871	7.9296
18	15.3731	12.0847
18	2.92908	3.04285
32	0.915876	1.0381
30	0.964275	0.893498
20	-25	-20

g
40
20	5.51921	3.1785
20	13.5857	7.824
20	23.3134	16.3118
20	3.09498	3.16224
25	1.46748	1.3531
32	1.2685	1.2435
20	-40	-32

k
40
20	5.51921	3.1785
20	13.5857	7.824
20	23.3134	16.3118
20	3.09498	3.16224
25	1.46748	1.3531
32	1.2685	1.2435
20	-40	-32

l
35
13	5.79794	5.304
13	14.2718	13.056
10	23.532	19.0318
17	3.20905	3.29994
25	1.5281	1.5631
25	1.0185	1.0685
18	-45	-36

m
44
22	2.43252	2.8431
22	5.98775	6.9984
22	13.2622	11.5823
31	2.92016	3.04284
27	1.79235	1.8431
39	1.23468	1.29585
22	-20	-16

n
40
20	5.51921	3.1785
20	13.5857	7.824
20	23.3134	16.3118
20	3.09498	3.16224
25	1.46748	1.3531
32	1.2685	1.2435
20	-40	-32

p
44
22	2.43252	2.8431
22	5.98775	6.9984
22	13.2622	11.5823
31	2.92016	3.04284
27	1.79235	1.8431
39	1.23468	1.29585
22	-20	-16

r
40
20	5.51921	3.1785
20	13.5857	7.824
20	23.3134	16.3118
20	3.09498	3.16224
25	1.46748	1.3531
32	1.2685	1.2435
20	-40	-32

s
33
15	4.60551	4.29
15	11.3366	10.56
15	16.1936	15.1558
24	3.25698	3.13794
20	1.90753	1.9831
22	1.18705	1.2185
17	-35	-28

SS
34
20	3.71581	2.53617
20	9.14661	6.24288
20	15.197	10.9423
10	2.37842	2.67835
8	1.27045	2.2631
15	0.9692	1.2635
17	-30	-24

t
33
15	4.60551	4.29
15	11.3366	10.56
15	16.1936	15.1558
24	3.25698	3.13794
20	1.90753	1.9831
22	1.18705	1.2185
17	-35	-28

th
33
15	4.60551	4.29
15	11.3366	10.56
15	16.1936	15.1558
24	3.25698	3.13794
20	1.90753	1.9831
22	1.18705	1.2185
17	-35	-28

v
40
18	3.88323	3.2214
18	9.55871	7.9296
18	15.3731	12.0847
18	2.92908	3.04285
32	0.915876	1.0381
30	0.964275	0.893498
20	-25	-20

w
40
8	3.88323	3.2214
8	9.55871	7.9296
8	15.3731	12.0847
18	3.07488	3.18865
32	2.10588	2.2281
30	1.46428	1.5435
20	-30	-24

z
33
15	4.60551	4.29
15	11.3366	10.56
15	16.1936	15.1558
24	3.25698	3.13794
20	1.90753	1.9831
22	1.18705	1.2185
17	-35	-28
