
#
16
8	4.22309	3.6309
8	10.3953	8.9376
10	18.6649	14.4214
9	2.12023	1.88244
10	1.39712	1.2831
11	0.961046	0.818497
8	-40	-32

b
16
8	2.39345	2.03814
8	5.89158	5.01696
8	10.7093	8.16327
9	2.71011	2.78769
10	1.60712	1.6331
11	1.06105	1.1185
8	-20	-16

tS
20
10	2.92703	2.88075
10	7.205	7.09108
10	10.3123	9.74943
15	1.97843	2.3503
10	2.47408	2.5431
13	1.73341	1.7685
10	-30	-24

d
14
8	4.73323	4.56183
8	11.651	11.2291
8	18.386	17.4134
9	2.57094	2.81394
5	1.7311	1.7661
5	1.0435	1.1185
7	-35	-28

f
15
9	3.11423	2.88288
9	7.66579	7.09632
9	13.0393	12.4702
10	2.64328	2.86059
8	0.848041	0.968101
8	0.948677	0.5635
8	-25	-20

g
15
7	4.87074	4.80207
7	11.9895	11.8205
7	19.3714	20.3918
9	2.57094	2.81394
12	1.53019	1.2691
13	1.46705	1.0585
8	-40	-32

k
15
7	4.87074	4.80207
7	11.9895	11.8205
7	19.3714	20.3918
9	2.57094	2.81394
12	1.53019	1.2691
13	1.46705	1.0585
8	-40	-32

l
30
8	5.65319	5.6121
8	13.9156	13.8144
12	21.9944	21.6594
15	3.05736	3.21894
10	1.46019	1.4791
10	0.967049	1.0085
15	-45	-36

m
16
8	2.39345	2.03814
8	5.89158	5.01696
8	10.7093	8.16327
9	2.71011	2.78769
10	1.60712	1.6331
11	1.06105	1.1185
8	-20	-16

n
15
7	4.87074	4.80207
7	11.9895	11.8205
7	19.3714	20.3918
9	2.57094	2.81394
12	1.53019	1.2691
13	1.46705	1.0585
8	-40	-32

p
16
8	2.53385	2.17854
8	6.23718	5.36256
8	10.9541	9.87687
9	2.71011	2.78769
10	1.60712	1.6331
11	1.06105	1.1185
8	-20	-16

r
15
7	4.87074	4.80207
7	11.9895	11.8205
7	19.3714	20.3918
9	2.57094	2.81394
12	1.53019	1.2691
13	1.46705	1.0585
8	-40	-32

s
14
8	4.73323	4.56183
8	11.651	11.2291
8	18.386	17.4134
9	2.57094	2.81394
5	1.7311	1.7661
5	1.0435	1.1185
7	-35	-28

SS
20
10	2.92703	2.88075
10	7.205	7.09108
10	10.3123	9.74943
15	1.97843	2.3503
10	2.68408	2.4031
13	2.73341	2.6685
10	-30	-24

t
14
8	4.73323	4.56183
8	11.651	11.2291
8	18.386	17.4134
9	2.57094	2.81394
5	1.7311	1.7661
5	1.0435	1.1185
7	-35	-28

th
14
8	4.73323	4.56183
8	11.651	11.2291
8	18.386	17.4134
9	2.57094	2.81394
5	1.7311	1.7661
5	1.0435	1.1185
7	-35	-28

v
15
9	3.11423	2.88288
9	7.66579	7.09632
9	13.0393	12.4702
10	2.64328	2.86059
8	0.848041	0.968101
8	0.948677	0.5635
8	-25	-20

w
15
8	3.11423	2.88288
8	7.66579	7.09632
11	13.0393	12.4702
10	3.00778	3.07929
8	2.03804	2.1581
13	1.44868	1.4635
8	-30	-24

z
14
8	4.73323	4.56183
8	11.651	11.2291
8	18.386	17.4134
9	2.57094	2.81394
5	1.7311	1.7661
5	1.0435	1.1185
7	-35	-28
