//POSE FILE AUTOGENERATED BY POSEEDITOR
//by maurizio mancini
//Last modified on November 06, 2002 - 23:55:39
block
r_shoulder -52.000000 -5.000000 -93.000000
r_elbow -105.000000 0.000000 0.000000
r_wrist -32.000000 -5.000000 2.000000
r_thumb1 9.000000 -11.000000 -14.000000
r_thumb2 30.000000 0.000000 0.000000
r_thumb3 -7.000000 0.000000 0.000000
r_thumb_distal_tip 0.000000 0.000000 0.000000
r_index0 0.000000 0.000000 0.000000
r_index1 5.000000 0.000000 2.000000
r_index2 0.000000 0.000000 0.000000
r_index3 0.000000 0.000000 0.000000
r_index_distal_tip 0.000000 0.000000 0.000000
r_middle0 0.000000 0.000000 0.000000
r_middle1 -2.000000 0.000000 7.000000
r_middle2 0.000000 0.000000 0.000000
r_middle3 0.000000 0.000000 0.000000
r_middle_distal_tip 0.000000 0.000000 0.000000
r_ring0 0.000000 0.000000 0.000000
r_ring1 -7.000000 0.000000 0.000000
r_ring2 0.000000 0.000000 0.000000
r_ring3 0.000000 0.000000 0.000000
r_ring_distal_tip 0.000000 0.000000 0.000000
r_pinky0 0.000000 0.000000 0.000000
r_pinky1 -11.000000 0.000000 -9.000000
r_pinky2 0.000000 0.000000 0.000000
r_pinky3 0.000000 0.000000 0.000000
r_pinky_distal_tip 0.000000 0.000000 0.000000
l_shoulder -30.000000 -43.000000 41.000000
l_elbow -75.000000 -11.000000 0.000000
l_wrist -112.000000 64.000000 -118.000000
l_thumb1 9.000000 11.000000 14.000000
l_thumb2 30.000000 0.000000 0.000000
l_thumb3 -7.000000 0.000000 0.000000
l_thumb_distal_tip 0.000000 0.000000 0.000000
l_index0 0.000000 0.000000 0.000000
l_index1 5.000000 0.000000 -2.000000
l_index2 0.000000 0.000000 0.000000
l_index3 0.000000 0.000000 0.000000
l_index_distal_tip 0.000000 0.000000 0.000000
l_middle0 0.000000 0.000000 0.000000
l_middle1 -2.000000 0.000000 -7.000000
l_middle2 0.000000 0.000000 0.000000
l_middle3 0.000000 0.000000 0.000000
l_middle_distal_tip 0.000000 0.000000 0.000000
l_ring0 0.000000 0.000000 0.000000
l_ring1 -7.000000 0.000000 0.000000
l_ring2 0.000000 0.000000 0.000000
l_ring3 0.000000 0.000000 0.000000
l_ring_distal_tip 0.000000 0.000000 0.000000
l_pinky0 0.000000 0.000000 0.000000
l_pinky1 -11.000000 0.000000 9.000000
l_pinky2 0.000000 0.000000 0.000000
l_pinky3 0.000000 0.000000 0.000000
l_pinky_distal_tip 0.000000 0.000000 0.000000
