1.540000
0.700000
2.078000
3.270000
1.810000
0.120000
0.350000
10.000000
352
0.000000
0.200000
0.256300
0.327300
0.366900
0.429400
0.543800
0.607000
0.652500
0.690900
0.746000
0.802400
0.863500
0.954800
1.022200
1.101100
1.243000
1.298300
1.408400
1.616800
2.016800
2.129200
2.204300
2.295300
2.360900
2.429400
2.493500
2.573500
2.624000
2.713000
2.825300
2.912300
2.962700
3.144500
3.344500
3.366400
3.463200
3.522700
3.551600
3.638100
3.704200
3.804900
3.854200
3.924900
3.969700
4.012000
4.055300
4.190500
4.226700
4.289900
4.337400
4.473800
4.559800
4.617700
4.718400
4.779200
4.877500
4.964200
5.058900
5.145800
5.189600
5.258900
5.336600
5.366500
5.422900
5.474000
5.510300
5.598600
5.706201
5.763801
5.791501
5.893701
6.008101
6.071301
6.126000
6.217200
6.258200
6.299100
6.355500
6.415000
6.451400
6.515500
6.621600
6.746900
6.822400
6.862300
6.924300
7.010200
7.143400
7.202700
7.258800
7.352600
7.432499
7.484600
7.549799
7.713399
7.788099
7.883999
8.051299
8.451299
8.473199
8.519599
8.606999
8.660899
8.733199
8.796499
8.906199
8.974999
9.104599
9.170399
9.201399
9.259199
9.350399
9.391199
9.418799
9.455099
9.596999
9.773600
9.881700
9.966300
10.166300
10.201600
10.241000
10.331300
10.388599
10.435299
10.501999
10.533799
10.603099
10.680799
10.710698
10.735098
10.792898
10.932098
10.985699
11.072598
11.108798
11.169098
11.217798
11.301398
11.416998
11.448798
11.494699
11.538299
11.597698
11.660798
11.679298
11.725698
11.805899
11.880898
11.926398
11.986198
12.048999
12.124899
12.174399
12.220799
12.325799
12.515699
12.600300
12.669200
13.069200
13.150599
13.197000
13.313900
13.422600
13.490200
13.529400
13.555600
13.618900
13.717501
13.801600
13.830400
13.857100
13.916600
13.968700
14.040100
14.121500
14.321500
14.343400
14.417200
14.481500
14.542200
14.587300
14.668700
14.763500
14.838700
14.864500
14.935700
14.992300
15.039800
15.140800
15.198999
15.241300
15.280900
15.332800
15.445200
15.526200
15.555100
15.626801
15.706800
15.757300
15.851400
16.046900
16.191401
16.591400
16.625000
16.671400
16.797800
16.898399
16.997999
17.068100
17.124300
17.273899
17.344000
17.544001
17.597900
17.676600
17.813499
17.910700
17.999701
18.046501
18.092501
18.162601
18.362602
18.412802
18.453402
18.577501
18.631401
18.703701
18.740002
18.789001
18.888401
18.951700
18.982700
19.042301
19.128201
19.242001
19.354900
19.428801
19.573301
19.973301
19.999500
20.096300
20.149900
20.212700
20.291399
20.491400
20.553101
20.612600
20.648800
20.708900
20.778200
20.935200
20.994999
21.052399
21.094799
21.134699
21.258799
21.454298
21.524399
21.924398
22.035898
22.095697
22.196398
22.245598
22.329699
22.358498
22.432598
22.523897
22.607197
22.661997
22.799696
22.843197
22.885998
22.990498
23.075098
23.275099
23.356499
23.407000
23.478100
23.507500
23.549799
23.586498
23.620998
23.717598
23.781898
23.806299
23.868299
23.954199
24.075600
24.137699
24.201698
24.601698
24.635298
24.685099
24.816999
24.869099
24.929298
24.997099
25.117298
25.143799
25.238298
25.292898
25.344997
25.390997
25.472397
25.672398
25.735197
25.795998
25.817898
25.914698
25.975597
25.997498
26.060797
26.159397
26.204697
26.234596
26.290997
26.332197
26.408697
26.494198
26.536497
26.600197
26.708597
26.754997
26.866096
26.990896
27.101995
27.201296
27.316196
27.388796
27.439297
27.476297
27.519897
27.567198
27.596598
27.687597
27.723898
27.797499
27.898899
28.043098
28.089699
28.141199
28.248400
28.376699
28.521200
28.611099
28.778399
29.178398
29.234299
29.404099
29.506699
1.000000
1.000000
1.000000
1.000000
1.000000
1.000000
1.000000
1.000000
1.000000
1.000000
1.000000
1.000000
1.000000
1.000000
1.000000
1.000000
1.000000
1.000000
1.000000
1.000000
1.000000
1.000000
1.000000
1.000000
1.000000
1.000000
1.000000
0.000000
0.000000
0.000000
0.000000
0.000000
0.000000
0.000000
0.000000
0.000000
0.000000
0.000000
0.000000
0.000000
0.000000
0.000000
0.000000
0.000000
0.000000
0.000000
1.000000
1.000000
1.000000
1.000000
1.000000
1.000000
1.000000
1.000000
1.000000
1.000000
1.000000
1.000000
1.000000
1.000000
1.000000
1.000000
1.000000
1.000000
1.000000
1.000000
1.000000
1.000000
1.000000
1.000000
1.000000
1.000000
1.000000
1.000000
1.000000
1.000000
1.000000
1.000000
1.000000
1.000000
1.000000
1.000000
1.000000
1.000000
1.000000
1.000000
0.000000
0.000000
0.000000
0.000000
0.000000
0.000000
0.000000
0.000000
0.000000
0.000000
0.000000
0.000000
0.000000
0.000000
0.000000
0.000000
0.000000
0.000000
0.000000
0.000000
0.000000
0.000000
0.000000
1.000000
1.000000
1.000000
1.000000
1.000000
1.000000
1.000000
1.000000
1.000000
1.000000
1.000000
1.000000
1.000000
1.000000
1.000000
1.000000
1.000000
1.000000
1.000000
1.000000
1.000000
1.000000
1.000000
1.000000
1.000000
1.000000
1.000000
1.000000
1.000000
1.000000
1.000000
1.000000
1.000000
1.000000
1.000000
1.000000
1.000000
1.000000
1.000000
1.000000
0.000000
0.000000
0.000000
0.000000
0.000000
0.000000
0.000000
0.000000
0.000000
0.000000
0.000000
0.000000
0.000000
0.000000
0.000000
0.000000
0.000000
0.000000
0.000000
0.000000
0.000000
1.000000
1.000000
1.000000
1.000000
1.000000
1.000000
1.000000
1.000000
1.000000
1.000000
1.000000
1.000000
1.000000
1.000000
1.000000
1.000000
1.000000
1.000000
1.000000
1.000000
1.000000
1.000000
1.000000
1.000000
1.000000
1.000000
1.000000
1.000000
1.000000
1.000000
1.000000
1.000000
1.000000
1.000000
1.000000
1.000000
1.000000
1.000000
1.000000
0.000000
0.000000
0.000000
0.000000
0.000000
0.000000
0.000000
0.000000
0.000000
0.000000
0.000000
0.000000
0.000000
0.000000
0.000000
0.000000
0.000000
0.000000
0.000000
0.000000
0.000000
0.000000
0.000000
1.000000
1.000000
1.000000
1.000000
1.000000
1.000000
1.000000
1.000000
1.000000
1.000000
1.000000
1.000000
1.000000
1.000000
1.000000
1.000000
1.000000
1.000000
1.000000
1.000000
1.000000
1.000000
1.000000
1.000000
0.000000
0.000000
0.000000
0.000000
0.000000
0.000000
0.000000
0.000000
0.000000
0.000000
0.000000
0.000000
0.000000
0.000000
0.000000
0.000000
0.000000
0.000000
0.000000
1.000000
1.000000
1.000000
1.000000
1.000000
1.000000
1.000000
1.000000
1.000000
1.000000
1.000000
1.000000
1.000000
1.000000
1.000000
1.000000
1.000000
1.000000
1.000000
1.000000
1.000000
1.000000
1.000000
1.000000
1.000000
1.000000
1.000000
1.000000
1.000000
1.000000
1.000000
0.000000
0.000000
0.000000
0.000000
0.000000
0.000000
0.000000
0.000000
0.000000
0.000000
0.000000
0.000000
0.000000
0.000000
0.000000
0.000000
0.000000
0.000000
0.000000
0.000000
0.000000
0.000000
0.000000
0.000000
0.000000
0.000000
0.000000
0.000000
0.000000
0.000000
0.000000
0.000000
0.000000
0.000000
0.000000
0.000000
0.000000
1.000000
1.000000
1.000000
1.000000
1.000000
1.000000
1.000000
1.000000
1.000000
0.000000
0.000000
0.000000
0.000000
0.000000
0.000000
0.000000
0.000000
0.000000
0.000000
0.000000
0.000000
0.000000
0.000000
0.000000
0.000000
0.000000
0.000000
0.000000
0.000000
0.000000
0.000000
0.000000
0.000000
0.000000
0.000000
0.000000
0.000000
0.000000
0.000000
0.000000
0.000000
0.000000
0.000000
1.000000
1.000000
1.000000
1.000000
1.000000
1.000000
1.000000
1.000000
1.000000
1.000000
1.000000
1.000000
1.000000
1.000000
1.000000
1.000000
1.000000
1.000000
1.000000
0.000000
0.000000
0.000000
1.000000
1.000000
1.000000
1.000000
1.000000
1.000000
1.000000
1.000000
1.000000
1.000000
1.000000
1.000000
0.000000
0.000000
0.000000
0.000000
0.000000
0.000000
0.000000
0.000000
0.000000
1.000000
1.000000
1.000000
1.000000
1.000000
1.000000
1.000000
1.000000
1.000000
1.000000
1.000000
0.000000
0.000000
0.000000
0.000000
0.000000
0.000000
0.000000
0.000000
0.000000
0.000000
0.000000
0.000000
0.000000
0.000000
0.000000
0.000000
0.000000
0.000000
0.000000
0.000000
0.000000
0.000000
0.000000
0.000000
0.000000
0.000000
0.000000
0.000000
0.000000
0.000000
0.000000
0.000000
0.000000
0.000000
0.000000
0.000000
0.000000
0.000000
1.000000
1.000000
1.000000
1.000000
1.000000
1.000000
1.000000
1.000000
1.000000
1.000000
1.000000
1.000000
1.000000
1.000000
1.000000
1.000000
1.000000
1.000000
1.000000
0.000000
0.000000
0.000000
0.000000
0.000000
0.000000
0.000000
0.000000
0.000000
0.000000
0.000000
0.000000
0.000000
0.000000
0.000000
0.000000
0.000000
0.000000
0.000000
0.000000
0.000000
0.000000
0.000000
0.000000
0.000000
0.000000
0.000000
0.000000
0.000000
0.000000
0.000000
0.000000
0.000000
0.000000
0.000000
0.000000
0.000000
0.000000
0.000000
0.000000
0.000000
0.000000
0.000000
1.000000
1.000000
1.000000
1.000000
1.000000
1.000000
1.000000
1.000000
1.000000
1.000000
1.000000
1.000000
1.000000
1.000000
1.000000
1.000000
1.000000
1.000000
0.000000
0.000000
0.000000
0.000000
0.000000
0.000000
0.000000
0.000000
0.000000
0.000000
0.000000
0.000000
0.000000
0.000000
0.000000
0.000000
0.000000
0.000000
0.000000
0.000000
0.000000
0.000000
0.000000
0.000000
0.000000
0.000000
0.000000
0.000000
0.000000
0.000000
0.000000
1.000000
1.000000
1.000000
1.000000
1.000000
1.000000
1.000000
1.000000
1.000000
1.000000
1.000000
1.000000
0.000000
0.000000
0.000000
0.000000
0.000000
0.000000
0.000000
0.000000
0.000000
0.000000
0.000000
0.000000
0.000000
0.000000
0.000000
0.000000
0.000000
0.000000
0.000000
0.000000
0.000000
0.000000
0.000000
0.000000
0.000000
0.000000
0.000000
0.000000
0.000000
0.000000
0.000000
0.000000
0.000000
0.000000
0.000000
0.000000
1.000000
1.000000
1.000000
1.000000
1.000000
1.000000
1.000000
1.000000
1.000000
0.000000
0.000000
0.000000
0.000000
0.000000
0.000000
0.000000
0.000000
0.000000
0.000000
0.000000
0.000000
0.000000
0.000000
0.000000
0.000000
0.000000
0.000000
0.000000
0.000000
0.000000
0.000000
0.000000
0.000000
0.000000
0.000000
0.000000
0.000000
0.000000
0.000000
0.000000
0.000000
0.000000
0.000000
0.000000
0.000000
0.000000
0.000000
0.000000
0.000000
0.000000
0.000000
0.000000
0.000000
0.000000
0.000000
0.000000
0.000000
0.000000
0.000000
0.000000
0.000000
0.000000
1.000000
1.000000
1.000000
1.000000
1.000000
748
-150
868
3539
6837
9499
10500
10473
10441
10406
10365
10321
10272
10219
10162
10101
10036
9968
9898
9823
9746
9665
9583
9499
9412
9324
9234
9143
9051
8958
8864
8771
8677
8584
8491
8399
8309
8218
8130
8043
7959
7876
7797
7720
7645
7574
7505
7441
7381
7323
7270
7222
7177
7137
7100
7069
7043
7021
7004
6992
6984
6982
6985
6994
7009
7030
7057
7090
7130
7174
7223
7279
7340
7405
7476
7552
7631
7715
7804
7895
7991
8090
8192
8297
8404
-2196
-2085
-1972
-1858
-1743
-1628
-1511
-1395
-1280
-1164
-1051
-938
-827
-717
-610
-505
-404
-304
-209
-117
-30
54
134
210
280
345
407
462
511
556
594
628
5504
10376
10391
10400
10403
10404
7981
3134
715
721
729
738
749
761
774
788
805
822
840
859
879
900
922
945
968
993
1019
5689
10361
10388
10415
10442
10470
10498
10525
10553
10581
10608
10635
10663
10690
10716
1450
1475
1500
1523
1546
1568
1589
1610
1629
1647
1664
1679
1694
1707
1719
1730
1739
1747
1753
1758
1762
-2886
-7538
-7539
-7541
-7545
-7551
-7558
-7566
-7576
-7587
-7600
-7614
-7629
-7646
-7664
-7683
-7704
-7726
-7748
-7772
-7796
-7821
-7847
-7874
-7902
-7930
-7958
-7987
-8016
-8045
-8075
-8104
-8135
-8164
-8193
-8222
-8251
-8279
-8307
-8336
-8362
-8388
-8413
-8438
-8461
-8484
-8505
-8526
-8545
-8563
-8580
-8596
-8610
-8622
-8634
-8644
-8652
-8659
-8664
-8668
-8670
-8671
-8671
-8671
-8670
-8669
-8667
-8666
-8663
-8661
-8659
-8656
-8653
-8649
-8646
-8642
-8637
-8633
-8629
-8624
-8619
-8614
-8608
-8603
706
711
717
723
729
735
741
747
753
759
765
771
777
782
788
794
800
805
810
815
820
825
829
833
837
841
844
847
850
5446
10042
10044
10046
10047
10048
10049
10050
10050
10049
10049
10047
10045
10043
10040
10036
10032
10028
10023
10017
10011
10005
9998
9991
9983
9975
9967
9958
9949
9940
9930
9920
9910
9900
9890
9880
9868
9858
9847
9837
9826
9816
9805
9795
9785
9775
9765
9756
9746
9737
9729
9720
9712
9705
9697
9690
9684
9678
9672
9667
9662
9658
9654
9651
9649
9647
9646
9645
9645
9643
9640
9633
9625
9614
9601
9585
9567
9547
9524
9499
9472
9443
9413
192
158
122
85
46
6
-35
-78
-121
-165
-211
-257
-303
-350
-397
-445
-492
-539
-585
-632
-678
-723
-768
-812
-855
-896
-936
-975
-1013
-1049
-1083
-1116
-1146
-1175
-1203
-1227
-1250
-1270
-1288
-1304
-1317
-1328
1148
6118
8604
8602
8603
8606
8610
8617
8625
8634
8646
8659
8674
8690
8709
8728
8749
8771
8795
8820
8846
8873
8902
8931
8961
8992
9024
9056
9090
9123
9157
9191
9225
9259
9294
9328
9362
9396
9429
9462
9495
9527
9558
9588
9617
9645
9673
9700
9724
9748
9770
9791
9810
9828
9845
9859
9873
9885
9895
9903
9909
9913
9916
9917
9917
9916
9915
4937
-39
-41
-44
-46
-49
-52
-56
-60
-64
-68
-73
-78
-83
-88
-94
-100
-105
-112
-118
-124
-131
-137
-144
-150
-156
-163
-170
-177
-183
-190
-196
-204
9103
9097
9090
9083
9078
9072
9067
9062
9057
9052
9048
9044
9040
9036
9033
9030
9028
9025
9023
9022
9021
9020
9019
9019
9019
9018
9016
9013
9010
9006
9001
8995
8989
8982
8975
8967
8958
8948
8938
8928
8917
8906
8894
8881
8868
8855
8842
8828
8814
8800
8786
8772
8757
8743
8729
8714
8700
8685
8671
8657
8644
8630
8617
8605
8592
8580
8569
8558
8548
8538
8528
8520
8512
8504
8496
8490
8484
8480
-836
-840
-842
-844
-845
-846
-844
-840
-832
-822
-808
-791
-772
-749
-725
-697
-667
-634
-598
-560
-521
-479
-435
-2890
-7844
-10297
-10246
-10194
-10140
-10085
-10030
-9974
-9916
-9859
-9801
-9742
-9685
-9627
-9570
-9512
-9456
-9400
-9346
-9291
-9239
-9189
-9139
-9091
-9045
-9001
-8959
-8918
-8881
-8846
-8813
-8783
-8755
-8730
-8707
-8688
-8671
-8658
-8647
-8640
-8635
-8634
-8635
-8639
-8645
-8653
-8664
-8677
-8692
-8709
-8730
-8752
-8776
-8802
-8830
-8859
-8891
-8924
-8960
-8996
-9034
-9073
-9113
-9156
-9198
-9241
-9285
-9330
-9376
-9421
-9467
-9513
-9559
-9605
-9650
-9695
-9740
-9785
-9828
-9870
-9912
-9952
-9992
-10030
-10066
-10101
-10134
-10166
-10196
-10224
-10250
-10274
-10296
-10316
-10333
-10348
-10362
-10372
-10382
-10388
-10391
-10146
-9436
-8326
-6927
-5376
-3824
-2421
-1303
-582
-327
-314
-302
-288
-275
-261
-248
-234
-221
-209
-197
-186
-177
-169
-162
-157
-153
-150
-150
150
1169
3841
7138
9799
10800
10772
10741
10706
10665
10621
10571
10519
10462
10401
10336
10268
10198
10123
10046
9966
9883
9799
9712
9624
9534
9443
9352
9258
9165
9071
8978
8884
8792
8699
8609
8518
8430
8344
8259
8177
8097
8020
7946
7874
7806
7742
7681
7624
7571
7523
7477
7437
7401
7370
7344
7322
7305
7293
7284
7282
7286
7295
7310
7331
7358
7391
7430
7474
7524
7580
7640
7706
7777
7852
7932
8016
8104
8196
8291
8391
8492
8598
8704
-1895
-1783
-1671
-1556
-1442
-1326
-1210
-1094
-978
-863
-749
-637
-525
-416
-308
-204
-102
-3
92
183
271
355
436
511
581
647
708
763
813
858
896
929
5805
10676
10691
10700
10703
10704
8281
3436
1017
1023
1031
1040
1051
1063
1076
1090
1106
1123
1141
1160
1180
1201
1224
1247
1270
1295
1320
5990
10661
10688
10715
10742
10769
10798
10825
10853
10881
10908
10935
10962
10989
11016
1751
1776
1801
1825
1848
1870
1891
1911
1930
1948
1965
1980
1995
2009
2021
2032
2041
2049
2055
2060
2064
-2584
-7237
-7238
-7240
-7244
-7250
-7257
-7265
-7275
-7286
-7299
-7313
-7329
-7346
-7364
-7383
-7403
-7425
-7447
-7471
-7495
-7520
-7547
-7574
-7601
-7629
-7657
-7686
-7715
-7745
-7775
-7804
-7834
-7863
-7892
-7922
-7951
-7979
-8007
-8035
-8061
-8087
-8113
-8138
-8161
-8184
-8205
-8225
-8244
-8262
-8279
-8295
-8310
-8322
-8334
-8344
-8352
-8359
-8364
-8368
-8370
-8371
-8371
-8371
-8370
-8369
-8367
-8366
-8363
-8361
-8359
-8356
-8353
-8349
-8346
-8342
-8337
-8333
-8329
-8324
-8319
-8314
-8308
-8302
1008
1013
1019
1025
1031
1037
1043
1049
1055
1061
1067
1073
1079
1084
1090
1096
1101
1106
1111
1116
1121
1126
1130
1134
1138
1142
1145
1148
1151
5747
10342
10344
10346
10347
10348
10349
10350
10350
10349
10349
10347
10345
10343
10340
10336
10332
10328
10323
10317
10311
10305
10298
10291
10283
10275
10267
10258
10249
10240
10230
10220
10210
10200
10190
10180
10168
10158
10147
10137
10126
10116
10105
10095
10085
10075
10065
10056
10046
10037
10029
10020
10012
10005
9997
9990
9984
9978
9973
9968
9962
9958
9954
9951
9949
9947
9946
9945
9945
9943
9940
9933
9925
9914
9901
9885
9867
9847
9824
9799
9773
9743
9713
494
460
424
386
347
307
266
223
179
135
90
44
-2
-49
-96
-143
-190
-238
-284
-330
-376
-422
-467
-510
-553
-594
-635
-674
-711
-747
-781
-815
-845
-874
-901
-925
-948
-968
-986
-1003
-1016
-1027
1450
6419
8904
8902
8903
8906
8910
8917
8925
8935
8947
8960
8975
8991
9009
9028
9049
9071
9095
9120
9147
9174
9202
9231
9261
9292
9324
9357
9390
9423
9457
9491
9525
9560
9594
9628
9662
9696
9729
9763
9795
9827
9858
9888
9917
9945
9974
10000
10024
10048
10070
10091
10110
10128
10145
10159
10173
10185
10195
10203
10209
10213
10216
10217
10217
10216
10215
5238
262
260
257
255
252
249
245
241
237
233
228
223
218
213
207
201
195
188
182
176
169
163
156
150
144
137
130
123
117
110
104
97
9403
9397
9390
9384
9379
9373
9368
9363
9358
9353
9349
9345
9340
9336
9333
9330
9328
9325
9323
9322
9321
9320
9319
9319
9319
9318
9316
9313
9310
9306
9301
9295
9289
9282
9275
9267
9258
9248
9238
9228
9217
9206
9194
9182
9169
9156
9143
9128
9114
9100
9086
9072
9057
9043
9029
9014
9000
8986
8972
8958
8945
8930
8917
8905
8892
8880
8869
8858
8848
8838
8828
8820
8812
8804
8797
8791
8785
8781
-534
-538
-540
-542
-543
-544
-542
-538
-530
-520
-506
-490
-471
-448
-424
-395
-365
-332
-297
-259
-220
-177
-133
-2588
-7544
-9997
-9946
-9894
-9840
-9785
-9730
-9673
-9616
-9559
-9501
-9442
-9385
-9327
-9269
-9212
-9156
-9100
-9045
-8991
-8939
-8888
-8838
-8791
-8745
-8701
-8658
-8618
-8581
-8546
-8513
-8482
-8454
-8429
-8407
-8388
-8371
-8358
-8347
-8340
-8335
-8334
-8335
-8339
-8345
-8353
-8364
-8377
-8392
-8409
-8429
-8451
-8475
-8502
-8530
-8559
-8591
-8624
-8659
-8695
-8734
-8773
-8813
-8855
-8898
-8941
-8985
-9030
-9075
-9121
-9167
-9213
-9258
-9305
-9350
-9395
-9440
-9485
-9528
-9570
-9612
-9652
-9692
-9730
-9766
-9801
-9834
-9866
-9896
-9924
-9950
-9974
-9996
-10016
-10033
-10048
-10062
-10073
-10082
-10088
-10091
-9846
-9136
-8025
-6626
-5075
-3522
-2119
-1002
-281
-26
-13
-1
13
26
40
53
67
80
92
103
114
123
131
138
143
147
150
150
748
-150
-151
-155
-162
-172
-185
-202
-220
-241
-264
-290
-318
-348
-381
-416
-452
-490
-530
-570
-614
-657
-701
-745
-791
-837
-883
-929
-975
-1021
-1066
-1110
-1153
-1195
-1237
-1276
-1314
-1350
-1385
-1418
-1448
-1476
-1502
-1525
-1546
-1564
-1580
-1593
-1604
-1611
-1615
-1617
-1612
-1596
-1571
-1536
-1492
-1438
-1374
-1302
-1222
-1132
-1034
-928
-816
-696
-9794
-9662
-9524
-9383
-9236
-9086
-8934
-8778
-8621
-8462
-8302
-8144
-7985
-7827
-7671
-7519
-7369
-7222
-7080
-6943
-6811
-6686
-6566
-6453
-6348
-6250
-6161
-6080
-6007
-5944
-5890
-5845
-5810
-5785
-5771
-5766
-5769
-3472
1123
3408
3380
3347
3308
3264
3214
3158
3099
3034
2964
2891
2814
2733
2649
2561
2471
2379
2285
2189
2093
1996
1897
1800
1702
1606
1510
1416
1323
1234
1146
1062
981
904
831
761
696
637
581
531
487
448
415
387
366
351
341
338
335
325
309
286
256
221
178
130
77
18
-47
-116
-189
-269
-352
-440
-531
-625
-722
-822
-923
-1026
-1130
3540
8214
8108
8004
7899
7796
7694
7596
7498
7404
7313
7226
7143
7063
6989
6918
6854
6795
6741
6693
6651
6615
6586
6563
6547
6536
6532
6541
6565
6604
6658
6727
6813
6912
7026
7153
7293
7447
7613
7790
7977
8175
8382
8597
8820
9050
9286
9526
9770
10017
10267
10516
10766
11015
11263
11507
2189
2425
2655
2878
3093
3300
3498
3685
3862
4028
4182
4322
4449
4562
4662
4746
4817
4871
4910
4934
4941
4936
4919
4890
4851
4800
4738
4665
4583
4490
4388
4275
4154
4026
3889
3744
3594
3437
3274
3106
2934
2759
2581
2402
2220
2037
1855
1673
1493
1315
1139
968
801
638
481
330
185
49
-79
-198
-311
-414
-506
-589
-662
-723
-774
-814
8334
8317
8311
8310
8305
8298
8288
8275
8260
8242
8222
8199
8173
8146
8116
8083
8049
8013
7976
7937
7896
7855
7812
7769
7725
7680
7635
7590
7544
7499
7454
7410
7367
7323
7282
7242
7203
7166
7130
7095
7063
7034
7006
6981
6958
4642
35
-2273
-2286
-2296
-2303
-2307
-2308
-2307
-2305
-2301
-2295
-2287
-2278
-2267
-2255
-2241
-2226
-2209
-2191
-2171
-2151
-2130
-2107
-2084
-2060
-2035
-2010
-1983
-1956
-1930
-1903
-1876
-1849
-1822
-1794
-1768
-1742
-1716
-1692
-1668
-1644
-1622
-1600
-1579
-1560
-1542
-1526
-1510
-1497
-1484
-1474
-1465
-1457
-1451
-1447
-1444
-1443
-1442
-1439
-1434
-1427
-1418
-1407
-1394
-1379
-1362
-1344
-1324
-1303
-1280
-1256
-1230
-1204
-1175
-1146
-1116
-1086
-1055
-1023
-991
-958
-5629
-10300
-10268
-10236
-10204
-10173
-10142
-10112
-10083
-10055
-10029
-10003
-9979
-9955
-9934
-9914
-9896
-9879
-9865
-9852
-9841
-9832
-9825
-9820
-9817
-9816
-9817
-9820
-9826
-9834
-9844
-9856
-9870
-9886
-9904
-9924
-9946
-9971
-9996
-10023
-10051
-10080
-10111
-10143
-10177
-10210
-10245
-10279
-10315
-944
-980
-1016
-1052
-1087
-1122
-1156
-1190
-1224
-1255
-1286
-1316
-1344
-1371
-1396
-1421
-1442
-1462
-1481
-1497
-1511
-1523
-1533
-1541
-1546
-1550
-1551
-1552
-1555
-1559
-1566
-1574
-1584
-1596
-1611
-1626
-1643
-1662
-1682
-1703
-1725
-1749
-1774
-1800
-1828
-1855
-1883
-1912
-1942
-1971
-2001
-2032
-2062
-2092
-2122
328
5264
7719
7690
7663
7638
7613
7589
7566
7545
7525
7506
7489
7474
7460
7448
7438
7430
7423
7418
7415
7414
7418
7430
7448
7475
7508
7550
7597
7652
7713
7781
7855
7935
8020
8111
8206
8307
8410
8518
8628
8742
8857
8976
9095
9215
9336
9456
8627
6264
3314
947
113
224
331
436
535
631
721
807
886
960
1028
1090
1144
1192
1233
1267
1293
1312
1323
1327
1321
1301
1270
1226
1168
1099
1019
926
823
708
583
449
305
152
-8
-175
-350
-532
-719
-910
-1106
-1305
-1506
-1708
-1912
-2115
-2318
-2519
-2718
-2913
-3105
-3292
-3473
-3649
-3816
-3977
-4130
-4275
-4409
-4534
-4649
-84
4492
4412
4342
4286
4242
4210
4191
4184
4187
4194
4206
4223
4245
4272
4303
4338
4379
4422
4470
4522
4578
4636
4698
4763
4831
4900
4973
5046
5121
5198
5275
5353
5432
5509
5588
5665
5741
5817
5890
5963
6032
6100
6165
6227
6285
6340
6393
6441
6484
6524
6561
6592
6618
6640
6657
6669
6676
6679
6681
6690
6704
6723
6749
6779
4479
-149
-2438
-2388
-2334
-2276
-2214
-2148
-2079
-2007
-1932
-1855
-1775
-1695
-1613
-1529
-1446
-1362
-1279
-1195
-1113
-1033
-953
-876
-802
-729
-660
-594
-532
-474
-420
-370
-325
-285
-250
-220
-194
-175
-161
-152
-150
150
149
145
138
128
115
99
81
60
37
11
-17
-47
-80
-114
-150
-188
-229
-269
-312
-355
-400
-444
-490
-535
-581
-628
-674
-719
-764
-809
-852
-894
-935
-974
-1013
-1049
-1084
-1116
-1146
-1174
-1201
-1224
-1245
-1263
-1279
-1292
-1302
-1309
-1313
-1315
-1310
-1295
-1270
-1235
-1190
-1136
-1073
-1001
-920
-831
-732
-627
-514
-394
-9494
-9362
-9224
-9082
-8936
-8786
-8633
-8477
-8321
-8162
-8002
-7843
-7684
-7527
-7371
-7218
-7068
-6921
-6780
-6642
-6510
-6385
-6265
-6153
-6047
-5949
-5860
-5779
-5706
-5643
-5589
-5544
-5509
-5484
-5470
-5465
-5468
-3170
1425
3709
3682
3649
3609
3565
3515
3460
3400
3335
3266
3192
3115
3035
2950
2863
2772
2681
2586
2491
2394
2297
2198
2101
2003
1907
1812
1717
1625
1535
1448
1363
1283
1206
1132
1063
997
938
883
833
788
749
716
689
668
653
643
640
637
627
611
587
557
522
480
432
378
319
254
184
111
32
-51
-138
-230
-323
-421
-520
-622
-724
-829
3842
8514
8409
8304
8200
8096
7995
7896
7799
7705
7614
7527
7443
7364
7290
7219
7155
7096
7041
6994
6952
6916
6887
6863
6847
6837
6833
6841
6865
6905
6959
7028
7114
7213
7327
7453
7594
7748
7914
8090
8277
8475
8682
8897
9120
9351
9586
9826
10070
10317
10566
10816
11066
11315
11562
11806
2491
2726
2956
3179
3394
3601
3799
3986
4163
4329
4483
4623
4750
4864
4963
5048
5118
5172
5211
5235
5242
5237
5220
5191
5152
5101
5039
4966
4884
4791
4689
4576
4456
4327
4190
4046
3895
3738
3575
3407
3236
3061
2883
2703
2521
2338
2156
1974
1794
1617
1441
1270
1102
939
782
632
487
350
222
102
-10
-112
-205
-288
-360
-422
-473
-512
8634
8617
8611
8610
8606
8599
8589
8576
8561
8543
8523
8499
8473
8446
8416
8384
8350
8314
8276
8237
8197
8156
8113
8069
8025
7981
7936
7890
7844
7800
7755
7711
7667
7624
7583
7543
7504
7466
7430
7396
7364
7335
7307
7281
7258
4943
336
-1971
-1984
-1995
-2002
-2006
-2007
-2006
-2004
-2000
-1993
-1985
-1976
-1965
-1953
-1939
-1924
-1907
-1890
-1870
-1850
-1829
-1806
-1782
-1758
-1733
-1708
-1682
-1655
-1629
-1602
-1574
-1547
-1520
-1493
-1467
-1441
-1415
-1390
-1366
-1342
-1320
-1299
-1278
-1259
-1241
-1225
-1209
-1195
-1182
-1172
-1163
-1155
-1149
-1145
-1142
-1141
-1140
-1137
-1132
-1125
-1116
-1105
-1093
-1078
-1061
-1043
-1023
-1002
-978
-954
-928
-902
-874
-845
-815
-784
-753
-721
-690
-657
-5328
-10000
-9968
-9936
-9904
-9873
-9842
-9812
-9783
-9755
-9729
-9703
-9679
-9655
-9634
-9614
-9596
-9579
-9565
-9552
-9541
-9532
-9525
-9520
-9517
-9516
-9517
-9520
-9526
-9534
-9544
-9556
-9570
-9586
-9604
-9624
-9646
-9670
-9696
-9723
-9751
-9780
-9811
-9843
-9877
-9910
-9945
-9979
-10015
-643
-679
-714
-750
-785
-821
-855
-889
-922
-953
-984
-1015
-1043
-1070
-1095
-1119
-1140
-1160
-1179
-1195
-1210
-1222
-1232
-1240
-1245
-1249
-1250
-1251
-1254
-1258
-1265
-1273
-1283
-1295
-1309
-1324
-1341
-1360
-1380
-1402
-1424
-1448
-1473
-1499
-1526
-1553
-1581
-1611
-1641
-1670
-1700
-1730
-1760
-1790
-1821
630
5565
8019
7991
7964
7939
7914
7889
7866
7845
7825
7807
7790
7775
7761
7749
7739
7731
7724
7719
7716
7715
7719
7731
7749
7776
7809
7850
7897
7953
8014
8081
8156
8235
8321
8411
8506
8607
8710
8818
8928
9042
9158
9276
9395
9515
9636
9756
8927
6565
3615
1249
415
525
633
737
837
932
1023
1108
1187
1262
1329
1391
1446
1494
1534
1568
1594
1614
1625
1629
1623
1602
1571
1527
1470
1400
1320
1228
1124
1010
885
750
607
454
293
125
-49
-231
-418
-609
-805
-1004
-1205
-1407
-1611
-1814
-2017
-2218
-2417
-2612
-2804
-2991
-3171
-3347
-3515
-3676
-3829
-3973
-4108
-4233
-4347
217
4793
4713
4644
4587
4543
4511
4492
4485
4488
4495
4507
4524
4546
4573
4604
4640
4680
4723
4771
4823
4879
4937
4999
5065
5132
5201
5274
5347
5422
5499
5576
5655
5733
5810
5889
5966
6042
6118
6191
6264
6333
6401
6465
6528
6586
6641
6694
6742
6785
6825
6861
6893
6919
6941
6958
6970
6977
6980
6982
6991
7005
7024
7049
7079
4780
151
-2136
-2087
-2033
-1974
-1912
-1847
-1777
-1705
-1631
-1553
-1474
-1393
-1311
-1228
-1144
-1061
-977
-894
-812
-731
-652
-574
-500
-428
-358
-293
-231
-172
-118
-69
-24
16
51
81
106
125
139
148
150
