
#
10
5	2.7142	2.205
5	3.4466	2.8
5	7.0227	3.3176
4	-0.813986	-0.626938
7	-0.068313	-0.0172655
7	-0.0612855	-0.0491645
5	-117	-93.6

b
10
5	1.37652	1.071
5	1.74796	1.36
5	3.73362	1.51056
4	-0.732587	-0.855844
7	-0.096313	-0.0639324
7	-0.0612855	-0.0436095
5	-65	-52

tS
20
10	1.92915	1.91894
10	2.44971	2.43675
10	5.0874	4.98232
5	0.895193	1.0381
5	0.27305	0.664653
5	0.237641	0.573294
5	-91	-72.8

d
12
7	3.16435	2.94
7	4.01822	3.73333
7	7.67109	7.2776
10	-0.912879	-0.993063
8	-0.207817	-0.1246
8	-0.0829415	-0.0452785
6	-104	-83.2

f
18
9	2.01437	1.7787
9	2.55792	2.25867
9	5.48565	5.20632
10	-1.06437	-0.966656
2	-0.11902	-0.0592669
13	-0.518736	-0.586946
9	-78	-62.4

g
14
7	3.49675	3.381
7	4.44032	4.29333
7	8.73312	8.2376
9	-0.732986	-0.869938
8	-0.118315	-0.0919317
8	-0.035136	-0.0175015
7	-117	-93.6

k
14
7	3.49675	3.381
7	4.44032	4.29333
7	8.73312	8.2376
9	-0.732986	-0.869938
8	-0.118315	-0.0919317
8	-0.035136	-0.0175015
7	-117	-93.6

l
20
10	3.843	3.801
10	4.88	4.82667
10	9.0376	8.9576
7	-1.07406	-1.15506
14	-0.118315	-0.0919317
14	-0.035136	-0.0175015
10	-130	-104

m
10
5	1.37652	1.071
5	1.74796	1.36
5	3.73362	1.51056
4	-0.732587	-0.855844
7	-0.096313	-0.0639324
7	-0.0612855	-0.0436095
5	-65	-52

n
14
7	3.49675	3.381
7	4.44032	4.29333
7	8.73312	8.2376
9	-0.732986	-0.869938
8	-0.118315	-0.0919317
8	-0.035136	-0.0175015
7	-117	-93.6

p
10
5	1.62852	1.323
5	2.06796	1.68
5	3.97362	3.19056
4	-0.732587	-0.855844
7	-0.096313	-0.0639324
7	-0.0612855	-0.0436095
5	-65	-52

r
14
7	3.49675	3.381
7	4.44032	4.29333
7	8.73312	8.2376
9	-0.732986	-0.869938
8	-0.118315	-0.0919317
8	-0.035136	-0.0175015
7	-117	-93.6

s
12
7	3.16435	2.94
7	4.01822	3.73333
7	7.67109	7.2776
10	-0.912879	-0.993063
8	-0.207817	-0.1246
4	-0.0829415	-0.0452785
6	-104	-83.2

SS
20
10	1.92915	1.91894
10	2.44971	2.43675
10	5.0874	4.98232
5	0.895193	1.0381
5	0.27305	0.664653
5	0.237641	0.573294
10	-91	-72.8

t
12
7	3.16435	2.94
7	4.01822	3.73333
7	7.67109	7.2776
10	-0.912879	-0.993063
8	-0.207817	-0.1246
4	-0.0829415	-0.0452785
6	-104	-83.2

th
12
7	3.16435	2.94
7	4.01822	3.73333
7	7.67109	7.2776
10	-0.912879	-0.993063
8	-0.207817	-0.1246
4	-0.0829415	-0.0452785
6	-104	-83.2

v
18
9	2.01437	1.7787
9	2.55792	2.25867
9	5.48565	5.20632
10	-1.06437	-0.966656
2	-0.11902	-0.0592669
13	-0.518736	-0.586946
9	-78	-62.4

w
18
9	2.01437	1.7787
9	2.55792	2.25867
9	5.48565	5.20632
10	1.64757	1.94934
2	0.577935	0.86835
13	0.389297	0.798293
9	-91	-72.8

z
12
7	3.16435	2.94
7	4.01822	3.73333
7	7.67109	7.2776
10	-0.912879	-0.993063
8	-0.207817	-0.1246
4	-0.0829415	-0.0452785
6	-104	-83.2
