
#
50
25	4.68745	3.15
25	5.95232	4
25	11.4573	9.1176
20	-0.891	-0.869939
35	-0.100115	-0.0825993
35	-0.06926	-0.040832
25	-117	-93.6

b
50
25	2.56047	2.142
25	3.25139	2.72
25	5.91438	5.23056
20	-0.914535	-1.00165
35	-0.100115	-0.0825993
35	-0.06926	-0.040832
25	-65	-52

tS
35
18	4.20213	3.6309
18	5.33604	4.61067
18	8.88799	8.00632
5	1.056	1.2568
18	0.477327	0.0661556
18	0.393387	0.618297
18	-91	-72.8

d
50
30	5.68598	4.767
30	7.22029	6.05333
30	12.6912	10.7976
15	-1.09131	-1.19556
40	-0.268496	-0.143265
40	-0.0857705	-0.059167
25	-104	-83.2

f
50
30	3.60314	2.83431
30	4.57541	3.59912
30	7.80165	6.60324
16	-1.16802	-1.11245
36	-0.172187	-0.110598
13	-0.618712	-0.720279
25	-78	-62.4

g
50
25	6.01629	5.25
25	7.63973	6.66667
25	13.2794	11.9176
20	-0.935149	-1.11294
25	-0.175162	-0.189932
25	-0.057993	-0.086945
25	-117	-93.6

k
50
25	6.01629	5.25
25	7.63973	6.66667
25	13.2794	11.9176
20	-0.935149	-1.11294
25	-0.175162	-0.189932
25	-0.057993	-0.086945
25	-117	-93.6

l
46
23	6.363	5.817
23	8.08	7.38667
23	13.7176	9.9976
20	-1.17231	-1.27656
21	-0.175162	-0.189932
21	-0.057993	-0.086945
23	-130	-104

m
50
25	2.56047	2.142
25	3.25139	2.72
25	5.91438	5.23056
20	-0.914535	-1.00165
35	-0.100115	-0.0825993
35	-0.06926	-0.040832
25	-65	-52

n
50
25	6.01629	5.25
25	7.63973	6.66667
25	13.2794	11.9176
20	-0.935149	-1.11294
25	-0.175162	-0.189932
25	-0.057993	-0.086945
25	-117	-93.6

p
50
25	2.56047	2.142
25	3.25139	2.72
25	5.91438	5.23056
20	-0.914535	-1.00165
35	-0.100115	-0.0825993
35	-0.06926	-0.040832
25	-65	-52

r
50
25	6.01629	5.25
25	7.63973	6.66667
25	13.2794	11.9176
20	-0.935149	-1.11294
25	-0.175162	-0.189932
25	-0.057993	-0.086945
25	-117	-93.6

s
50
30	5.68598	4.767
30	7.22029	6.05333
30	12.6912	10.7976
15	-1.09131	-1.19556
40	-0.268496	-0.143265
40	-0.0857705	-0.059167
25	-104	-83.2

SS
35
18	4.20213	3.6309
18	5.33604	4.61067
18	8.88799	8.00632
5	1.056	1.2568
18	0.477327	0.0661556
18	0.393387	0.618297
18	-91	-72.8

t
50
30	5.68598	4.767
30	7.22029	6.05333
30	12.6912	10.7976
15	-1.09131	-1.19556
40	-0.268496	-0.143265
40	-0.0857705	-0.059167
25	-104	-83.2

th
50
30	5.68598	4.767
30	7.22029	6.05333
30	12.6912	10.7976
15	-1.09131	-1.19556
40	-0.268496	-0.143265
40	-0.0857705	-0.059167
25	-104	-83.2

v
50
30	3.60314	2.83431
30	4.57541	3.59912
30	7.80165	6.60324
16	-1.16802	-1.11245
36	-0.172187	-0.110598
13	-0.618712	-0.720279
25	-78	-62.4

w
50
30	3.60314	2.83431
30	4.57541	3.59912
30	7.80165	6.60324
16	1.96668	2.16805
36	0.387421	0.633154
13	0.245373	0.726299
25	-91	-72.8

z
50
30	5.68598	4.767
30	7.22029	6.05333
30	12.6912	10.7976
15	-1.09131	-1.19556
40	-0.268496	-0.143265
40	-0.0857705	-0.059167
25	-104	-83.2
