
# a
10
5	0.0252
5	0.016
5	0.016
5	-0.1134
5	0.105
5	0.09
5	-65

# e
10
5	0.0252
5	0.016
5	0.016
5	-0.1134
5	0.105
5	0.09
5	-65

# i
10
5	0.0252
5	0.016
5	0.016
5	-0.1134
5	0.105
5	0.09
5	-65

# o
10
5	0.0252
5	0.016
5	0.016
5	-0.1134
5	0.105
5	0.09
5	-65

# u
10
5	0.0252
5	0.016
5	0.016
5	-0.1134
5	0.105
5	0.09
5	-65

# y
10
5	0.0252
5	0.016
5	0.016
5	-0.1134
5	0.105
5	0.09
5	-65

b a
15
8	-0.567
8	-0.72
8	0.98256
9	-1.01153
7	-0.0312669
7	-0.010277
8	-39

b e
14
7	-0.54395
7	-0.690731
7	0.874734
11	-1.19731
5	-0.381267
5	-0.152778
7	-39

b i
14
7	-0.520901
7	-0.661462
7	0.766908
11	-1.38309
5	-0.731267
5	-0.295279
7	-39

b o
16
8	-0.359518
8	-0.456532
8	1.23808
10	0.736325
6	0.979649
6	1.215
8	-58.5

b u
16
8	-0.152037
8	-0.193063
8	1.4936
10	2.48418
6	2.02965
6	2.4633
8	-78

b y
16
8	-0.33647
8	-0.427262
8	1.13025
10	2.48418
6	2.02965
6	2.4633
8	-78

tS a
20
10	1.69433
10	2.15153
10	3.96139
10	1.86226
9	2.21637
9	1.71883
10	-78

tS e
14
6	1.78703
6	2.26925
6	3.75249
8	1.89685
8	1.78435
8	1.41705
7	-78

tS i
14
6	1.87974
6	2.38697
6	3.5436
8	1.93143
8	1.35234
8	1.11526
7	-78

tS o
10
4	1.74491
4	2.21576
4	3.51732
5	2.5406
4	3.42552
5	2.63106
5	-78

tS u
10
4	1.79549
4	2.27998
4	3.07324
5	3.21894
4	4.63468
5	3.5433
5	-78

tS y
10
4	1.83761
4	2.33348
4	3.30842
5	3.21894
4	4.63468
5	3.5433
5	-78

d a
12
6	1.72547
6	2.19107
6	4.91703
5	-1.22286
8	-0.0982583
8	-0.0280035
6	-91

d e
10
5	1.49993
5	1.90468
5	4.42021
3	-1.52603
5	-0.29193
5	-0.156621
5	-91

d i
10
5	1.2744
5	1.61829
5	3.9234
3	-1.82921
5	-0.485602
5	-0.285237
5	-91

d o
17
7	1.83271
7	2.32726
7	4.33769
14	1.05698
11	1.44975
11	1.09628
8	-91

d u
17
7	1.93996
7	2.46344
7	2.95836
14	2.33682
11	1.12057
11	2.2833
8	-91

d y
17
7	1.60718
7	2.04087
7	3.44088
14	3.33682
11	1.12057
11	2.2833
8	-91

f a
21
12	0.0961128
12	0.122048
12	2.25327
11	-0.915623
14	-0.0355845
4	-1.278
11	-52

f e
14
7	0.0135891
7	0.017256
5	2.3203
6	-1.07486
10	-0.26676
2	-1.30781
7	-52

f i
14
7	-0.0689346
7	-0.087536
5	2.38732
6	-1.2341
10	-0.497934
2	-1.33763
7	-52

f o
15
8	0.347666
8	0.441481
8	2.1324
11	0.606836
10	0.764791
6	-0.830748
8	-52

f u
15
8	0.59922
8	0.760914
8	2.01153
11	2.1293
10	1.60965
6	-0.383496
8	-52

f y
15
8	0.265143
8	0.336689
8	2.19943
11	2.1293
10	1.60965
6	-0.383496
8	-52

g a
8
4	2.67351
4	3.39493
4	6.77929
4	-1.18692
3	-0.270925
3	-0.133559
4	-104

g e
10
6	2.55662
6	3.2465
6	6.52067
7	-1.70154
7	-0.58566
7	-0.313419
5	-104

g i
10
6	2.43973
6	3.09807
6	6.26206
7	-2.21616
7	-0.900396
7	-0.493281
5	-104

g o
15
8	2.22854
8	2.8299
8	5.34056
4	1.04482
12	0.592034
12	0.682937
8	-104

g u
15
8	1.78358
8	2.26486
8	3.90182
4	3.27656
12	1.79365
12	1.79861
8	-104

g y
15
8	2.11166
8	2.68147
8	5.08194
4	3.27656
12	1.79365
12	1.79861
8	-104

k a
8
4	2.67351
4	3.39493
4	6.77929
4	-1.18692
3	-0.270925
3	-0.133559
4	-104

k e
10
6	2.55662
6	3.2465
6	6.52067
7	-1.70154
7	-0.58566
7	-0.313419
5	-104

k i
10
6	2.43973
6	3.09807
6	6.26206
7	-2.21616
7	-0.900396
7	-0.493281
5	-104

k o
15
8	2.22854
8	2.8299
8	5.34056
4	1.04482
12	0.592034
12	0.682937
8	-104

k u
15
8	1.78358
8	2.26486
8	3.90182
4	3.27656
12	1.79365
12	1.79861
8	-104

k y
15
8	2.11166
8	2.68147
8	5.08194
4	3.27656
12	1.79365
12	1.79861
8	-104

l a
10
5	4.074
5	5.17333
5	9.0376
3	-1.34892
3	-0.270925
3	-0.133559
5	-123.5

l e
15
8	3.65074
8	4.63587
8	8.3576
6	-1.82304
10	-0.58566
10	-0.313419
8	-123.5

l i
15
8	3.22749
8	4.0984
8	7.6776
6	-2.29716
10	-0.900396
10	-0.493281
8	-123.5

l o
18
10	3.35591
10	4.26148
10	7.5776
10	1.00432
15	0.907034
15	0.781938
9	-123.5

l u
18
10	2.63783
10	3.34962
10	6.1176
10	3.35756
15	2.42365
15	1.99661
9	-123.5

l y
18
10	2.93266
10	3.72401
10	6.8976
10	3.35756
15	2.42365
15	1.99661
9	-123.5

m a
15
8	-0.516822
8	-0.656282
8	1.05129
10	-0.119837
10	-0.0312669
10	-0.017501
8	-39

m e
14
7	-0.497229
7	-0.631402
7	1.11656
7	-0.467962
4	-0.381267
4	-0.15639
7	-39

m i
14
7	-0.477636
7	-0.606522
7	1.18182
7	-0.816088
4	-0.731267
4	-0.295279
7	-39

m o
16
8	-0.343179
8	-0.435783
8	1.60825
11	0.455954
10	0.979649
10	0.753298
8	-39

m u
16
8	-0.169536
8	-0.215283
8	2.1652
11	1.03175
10	2.02965
10	1.5633
8	-39

m y
16
8	-0.323586
8	-0.410903
8	1.67351
11	1.03175
10	2.02965
10	1.5633
8	-39

n a
8
4	2.67351
4	3.39493
4	6.77929
4	-1.18692
3	-0.270925
3	-0.133559
4	-104

n e
10
6	2.55662
6	3.2465
6	6.52067
7	-1.70154
7	-0.58566
7	-0.313419
5	-104

n i
10
6	2.43973
6	3.09807
6	6.26206
7	-2.21616
7	-0.900396
7	-0.493281
5	-104

n o
15
8	2.22854
8	2.8299
8	5.34056
4	1.04482
12	0.592034
12	0.682937
8	-104

n u
15
8	1.78358
8	2.26486
8	3.90182
4	3.27656
12	1.79365
12	1.79861
8	-104

n y
15
8	2.11166
8	2.68147
8	5.08194
4	3.27656
12	1.79365
12	1.79861
8	-104

p a
15
8	-0.627214
8	-0.796463
8	1.0603
10	-0.142024
9	-0.0312669
9	-0.017501
8	-39

p e
14
7	-0.589456
7	-0.748516
7	0.884776
11	-0.479056
4	-0.381267
4	-0.15639
7	-39

p i
14
7	-0.551697
7	-0.700568
7	0.709248
11	-0.816088
4	-0.731267
4	-0.295279
7	-39

p o
16
8	-0.424546
8	-0.539107
8	1.48271
14	0.222441
12	0.979649
12	0.843297
8	-39

p u
16
8	-0.221879
8	-0.28175
8	1.90511
14	0.586907
12	2.02965
12	1.7433
8	-39

p y
16
8	-0.386788
8	-0.491159
8	1.30718
14	0.586907
12	2.02965
12	1.7433
8	-39

r a
8
4	2.67351
4	3.39493
4	6.77929
4	-1.18692
3	-0.270925
3	-0.133559
4	-104

r e
8
6	2.55662
6	3.2465
6	6.52067
7	-1.70154
7	-0.58566
7	-0.313419
5	-104

r i
10
6	2.43973
6	3.09807
6	6.26206
7	-2.21616
7	-0.900396
7	-0.493281
5	-104

r o
15
8	2.22854
8	2.8299
8	5.34056
4	1.04482
12	0.592034
12	0.682937
8	-104

r u
15
8	1.78358
8	2.26486
8	3.90182
4	3.27656
12	1.79365
12	1.79861
8	-104

r y
15
8	2.11166
8	2.68147
8	5.08194
4	3.27656
12	1.79365
12	1.79861
8	-104

s a
12
6	1.72547
6	2.19107
6	4.91703
5	-1.22286
8	-0.0982583
8	-0.0280035
6	-91

s e
10
5	1.49993
5	1.90468
5	4.42021
3	-1.52603
5	-0.29193
5	-0.156621
5	-91

s i
10
5	1.2744
5	1.61829
5	3.9234
3	-1.82921
5	-0.485602
5	-0.285237
5	-91

s o
20
7	1.83271
7	2.32726
7	4.33769
14	1.05698
11	1.44975
11	1.09628
8	-91

s u
17
7	1.93996
7	2.46344
7	2.95836
14	3.33682
11	3.12057
11	2.2833
8	-91

s y
20
7	1.60718
7	2.04087
7	3.44088
14	3.33682
11	3.12057
11	2.2833
8	-91

SS a
20
10	1.69433
10	2.15153
10	3.96139
10	1.86226
9	2.21637
9	1.71883
10	-78

SS e
14
7	1.68192
7	2.13577
7	4.16029
8	1.89685
8	1.90097
8	1.67053
7	-78

SS i
14
7	1.66951
7	2.12001
7	4.3592
8	1.93143
8	1.58557
8	1.62223
7	-78

SS o
10
5	1.74491
5	2.21576
5	3.51732
5	2.5406
5	2.90052
5	2.18106
5	-78

SS u
10
5	1.79549
5	2.27998
5	3.07324
5	3.21894
5	3.58468
5	2.6433
5	-78

SS y
10
5	1.7325
5	2.2
5	3.71622
5	3.21894
5	3.58468
5	2.6433
5	-78

t a
12
6	2.14547
6	2.7244
6	5.31703
5	-1.22286
8	-0.0982583
8	-0.0280035
6	-91

t e
10
5	1.70994
5	2.17135
5	4.62021
3	-1.52603
5	-0.29193
5	-0.156621
5	-91

t i
10
5	1.2744
5	1.61829
5	3.6034
3	-1.82921
5	-0.485602
5	-0.285237
5	-91

t o
16
7	2.04271
7	2.59392
7	4.53769
14	1.05698
11	1.44975
11	1.09628
8	-91

t u
17
7	1.93996
7	2.46344
7	2.95836
14	3.33682
11	3.12057
11	2.2833
8	-91

t y
16
7	1.60718
7	2.04087
7	3.44088
14	3.33682
11	3.12057
11	2.2833
8	-91

th a
12
6	1.72547
6	2.19107
6	4.91703
5	-1.22286
8	-0.0982583
8	-0.0280035
6	-91

th e
10
5	1.49993
5	1.90468
5	4.82021
3	-1.52603
5	-0.29193
5	-0.156621
5	-91

th i
10
5	1.2744
5	1.61829
5	4.7234
3	-1.82921
5	-0.485602
5	-0.285237
5	-91

th o
16
7	1.83271
7	2.32726
7	3.93769
14	1.05698
11	1.44975
11	1.09628
8	-91

th u
17
7	1.93996
7	2.46344
7	2.95836
14	3.33682
11	3.12057
11	2.2833
8	-91

th y
16
7	1.60718
7	2.04087
7	3.84088
14	3.33682
11	3.12057
11	2.2833
8	-91

v a
21
12	0.0961128
12	0.122048
12	2.25327
11	-0.915623
14	-0.0355845
4	-1.278
11	-52

v e
14
7	0.0135891
7	0.017256
5	2.3203
6	-1.07486
10	-0.26676
2	-1.30781
7	-52

v i
14
7	-0.0689346
7	-0.087536
5	2.38732
6	-1.2341
10	-0.497934
2	-1.33763
7	-52

v o
15
8	0.347666
8	0.441481
8	2.1324
11	0.606836
10	0.764791
6	-0.830748
8	-52

v u
15
8	0.59922
8	0.760914
8	2.01153
11	2.1293
10	1.60965
6	-0.383496
8	-52

v y
15
8	0.265143
8	0.336689
8	2.19943
11	2.1293
10	1.60965
6	-0.383496
8	-52

w a
18
9	1.65401
9	2.10033
9	3.60956
9	2.97464
2	1.05747
2	1.14537
9	-78

w e
14
7	1.28175
7	1.62762
7	3.3296
9	2.74158
7	0.966062
7	1.0702
7	-78

w i
14
7	0.909491
7	1.15491
7	3.04966
9	2.50852
7	0.87465
7	0.995032
7	-78

w o
15
8	1.29379
8	1.6429
8	3.30501
11	3.34851
10	2.23064
13	1.94135
8	-78

w u
15
8	0.933558
8	1.18547
8	3.00047
11	3.72239
10	2.40381
13	2.73733
8	-78

w y
15
8	0.921525
8	1.17019
8	3.02506
11	3.72239
10	3.40381
13	2.73733
8	-78

z a
12
6	1.72547
6	2.19107
6	4.91703
5	-1.22286
8	-0.0982583
8	-0.0280035
6	-91

z e
10
5	1.49993
5	1.90468
5	4.42021
3	-1.52603
5	-0.29193
5	-0.156621
5	-91

z i
10
5	1.2744
5	1.61829
5	3.9234
3	-1.82921
5	-0.485602
5	-0.285237
5	-91

z o
20
7	1.83271
7	2.32726
7	4.33769
14	1.05698
11	1.44975
11	1.09628
8	-91

z u
17
7	1.93996
7	2.46344
7	2.95836
14	3.33682
11	3.12057
11	2.2833
8	-91

z y
20
7	1.60718
7	2.04087
7	3.44088
14	3.33682
11	3.12057
11	2.2833
8	-91
