
#
40
30	4.14379	3.1395
30	5.26196	3.98667
30	9.92729	8.5176
26	-1.19271	-1.12104
20	-0.282538	-0.220265
25	-0.121446	-0.126389
20	-117	-93.6

b
40
20	2.23428	1.9467
20	2.83718	2.472
20	5.23637	4.75056
26	-1.20633	-1.30491
20	-0.214871	-0.227266
25	-0.10339	-0.093055
20	-65	-52

tS
35
15	3.51195	3.16785
15	4.45962	4.02267
15	7.81257	7.06832
16	1.04999	1.34792
17	0.347571	0.291904
13	0.289459	0.654297
18	-91	-72.8

d
35
15	4.68775	4.1475
15	5.9527	5.26667
15	10.6043	9.2176
16	-1.41167	-1.37781
17	-0.484579	-0.399932
13	-0.235255	-0.200834
18	-104	-83.2

f
60
35	3.02292	2.09335
35	3.83862	2.65823
35	6.64395	5.42878
15	-1.4296	-1.4405
33	-0.450769	-0.432598
25	-0.586371	-0.709167
30	-78	-62.4

g
25
11	4.7951	4.368
11	6.08902	5.54667
11	10.8448	10.0176
8	-1.50276	-1.64025
12	-0.437912	-0.423265
13	-0.221366	-0.214723
13	-117	-93.6

k
25
11	4.7951	4.368
11	6.08902	5.54667
11	10.8448	10.0176
8	-1.50276	-1.64025
12	-0.437912	-0.423265
13	-0.221366	-0.214723
13	-117	-93.6

l
50
21	5.47104	4.7985
21	6.94735	6.09333
21	11.897	9.2376
18	-1.66184	-1.76256
20	-0.437912	-0.423265
20	-0.221366	-0.214723
25	-130	-104

m
40
20	2.23428	1.9467
20	2.83718	2.472
20	5.23637	4.75056
26	-1.20633	-1.30491
20	-0.214871	-0.227266
25	-0.10339	-0.093055
20	-65	-52

n
25
11	4.7951	4.368
11	6.08902	5.54667
11	10.8448	10.0176
8	-1.50276	-1.64025
12	-0.437912	-0.423265
13	-0.221366	-0.214723
13	-117	-93.6

p
40
20	2.23428	1.9467
20	2.83718	2.472
20	5.23637	4.75056
26	-1.20633	-1.30491
20	-0.214871	-0.227266
25	-0.10339	-0.093055
20	-65	-52

r
25
11	4.7951	4.368
11	6.08902	5.54667
11	10.8448	10.0176
8	-1.50276	-1.64025
12	-0.437912	-0.423265
13	-0.221366	-0.214723
13	-117	-93.6

s
35
15	4.68775	4.1475
15	5.9527	5.26667
15	10.6043	9.2176
16	-1.41167	-1.37781
17	-0.484579	-0.399932
13	-0.235255	-0.200834
18	-104	-83.2

SS
35
15	3.51195	3.16785
15	4.45962	4.02267
15	7.81257	7.06832
16	1.04999	1.34792
17	0.347571	0.291904
13	0.289459	0.654297
18	-91	-72.8

t
35
15	4.68775	4.1475
15	5.9527	5.26667
15	10.6043	9.2176
16	-1.41167	-1.37781
17	-0.484579	-0.399932
13	-0.235255	-0.200834
18	-104	-83.2

th
35
15	4.68775	4.1475
15	5.9527	5.26667
15	10.6043	9.2176
16	-1.41167	-1.37781
17	-0.484579	-0.399932
13	-0.235255	-0.200834
18	-104	-83.2

v
60
35	3.02292	2.09335
35	3.83862	2.65823
35	6.64395	5.42878
15	-1.4296	-1.4405
33	-0.450769	-0.432598
25	-0.586371	-0.709167
30	-78	-62.4

w
60
35	3.02292	2.09335
35	3.83862	2.65823
35	6.64395	5.42878
15	1.68313	1.84
33	0.318191	0.675151
25	0.485159	0.987297
30	-91	-72.8

z
35
15	4.68775	4.1475
15	5.9527	5.26667
15	10.6043	9.2176
16	-1.00667	-0.972811
17	-0.484579	-0.399932
13	-0.235255	-0.200834
18	-104	-83.2
