
#
14
7	2.56375	2.0685
7	3.25556	2.62667
7	6.57615	4.4076
9	-1.1129	-0.999539
2	-0.23508	-0.164266
3	-0.057889	-0.0477765
7	-117	-93.6

b
14
7	1.34925	1.1151
7	1.71333	1.416
7	3.64569	2.40456
9	-1.04317	-1.15911
2	-0.202414	-0.199265
3	-0.0867295	-0.0958325
7	-65	-52

tS
15
10	1.98181	1.92967
10	2.51659	2.45037
10	4.42231	4.18432
11	0.86024	1.05632
3	0.405355	0.794851
5	0.316453	0.663296
8	-91	-72.8

d
10
6	2.77418	2.58825
6	3.52277	3.28667
6	7.11082	6.8276
4	-1.23397	-1.21095
5	-0.408268	-0.364932
5	-0.211867	-0.184168
5	-104	-83.2

f
12
6	1.69265	1.4994
6	2.1494	1.904
6	4.8692	4.60432
6	-1.30841	-1.29471
4	-0.376052	-0.367266
10	-0.48544	-0.553613
6	-78	-62.4

g
15
7	3.29291	3.2235
7	4.18147	4.09333
7	8.22261	7.9376
10	-1.35736	-1.458
11	-0.363516	-0.348599
11	-0.187964	-0.170279
8	-117	-93.6

k
15
7	3.29291	3.2235
7	4.18147	4.09333
7	8.22261	7.9376
10	-1.35736	-1.458
11	-0.363516	-0.348599
11	-0.187964	-0.170279
8	-117	-93.6

l
20
10	3.54643	3.5091
10	4.5034	4.456
10	8.217	8.1876
9	-1.56839	-1.64106
11	-0.363516	-0.348599
11	-0.187964	-0.170279
10	-130	-104

m
14
7	1.34925	1.1151
7	1.71333	1.416
7	3.64569	2.40456
9	-1.04317	-1.15911
2	-0.202414	-0.199265
3	-0.0867295	-0.0958325
7	-65	-52

n
15
7	3.29291	3.2235
7	4.18147	4.09333
7	8.22261	7.9376
10	-1.35736	-1.458
11	-0.363516	-0.348599
11	-0.187964	-0.170279
8	-117	-93.6

p
14
7	1.47525	1.2411
7	1.87333	1.576
7	3.76569	3.24456
9	-1.04317	-1.15911
2	-0.202414	-0.199265
3	-0.0867295	-0.0958325
7	-65	-52

r
15
7	3.29291	3.2235
7	4.18147	4.09333
7	8.22261	7.9376
10	-1.35736	-1.458
11	-0.363516	-0.348599
11	-0.187964	-0.170279
8	-117	-93.6

s
10
6	2.77418	2.58825
6	3.52277	3.28667
6	7.11082	6.8276
4	-1.23397	-1.21095
2	-0.408268	-0.364932
5	-0.211867	-0.184168
5	-104	-83.2

SS
15
10	1.98181	1.92967
10	2.51659	2.45037
10	4.42231	4.18432
11	0.86024	1.05632
3	0.405355	0.794851
5	0.316453	0.663296
8	-91	-72.8

t
10
6	2.77418	2.58825
6	3.52277	3.28667
6	7.11082	6.8276
4	-1.23397	-1.21095
2	-0.408268	-0.364932
5	-0.211867	-0.184168
5	-104	-83.2

th
10
6	2.77418	2.58825
6	3.52277	3.28667
6	7.11082	6.8276
4	-1.23397	-1.21095
2	-0.408268	-0.364932
5	-0.211867	-0.184168
5	-104	-83.2

v
12
6	1.69265	1.4994
6	2.1494	1.904
6	4.8692	4.60432
6	-1.30841	-1.29471
4	-0.376052	-0.367266
10	-0.48544	-0.553613
6	-78	-62.4

w
12
6	1.69265	1.4994
6	2.1494	1.904
6	4.8692	4.60432
6	1.38131	1.91289
4	0.521747	0.724501
10	0.497175	0.816294
6	-91	-72.8

z
10
6	2.77418	2.58825
6	3.52277	3.28667
6	7.11082	6.8276
4	-1.23397	-1.21095
2	-0.408268	-0.364932
5	-0.211867	-0.184168
5	-104	-83.2
