
#
14
7	2.4133	1.932
7	3.06451	2.45333
7	6.12961	5.4976
9	-1.41182	-1.37214
2	-0.401848	-0.311267
3	-0.054493	-0.046389
7	-117	-93.6

b
14
7	1.32198	1.1592
7	1.67871	1.472
7	3.55777	3.29856
9	-1.35376	-1.46237
2	-0.308516	-0.334599
3	-0.112173	-0.148055
7	-65	-52

tS
15
10	2.03448	1.9404
10	2.58346	2.464
10	3.75721	3.38632
11	0.825286	1.07455
3	0.537662	0.925048
5	0.395264	0.753298
8	-91	-72.8

d
10
6	2.38401	2.2365
6	3.02731	2.84
6	6.55055	6.3776
4	-1.55506	-1.42884
5	-0.608718	-0.605265
5	-0.340793	-0.323057
5	-104	-83.2

f
12
6	1.37093	1.2201
6	1.74087	1.54933
6	4.25275	4.00232
6	-1.55246	-1.62275
4	-0.633084	-0.675266
10	-0.452145	-0.52028
6	-78	-62.4

g
15
7	3.08906	3.066
7	3.92262	3.89333
7	7.7121	7.6376
10	-1.98173	-2.04606
11	-0.608718	-0.605265
11	-0.340793	-0.323057
8	-117	-93.6

k
15
7	3.08906	3.066
7	3.92262	3.89333
7	7.7121	7.6376
10	-1.98173	-2.04606
11	-0.608718	-0.605265
11	-0.340793	-0.323057
8	-117	-93.6

l
20
10	3.24985	3.2172
10	4.1268	4.08533
10	7.39639	7.4176
9	-2.06273	-2.12706
11	-0.608718	-0.605265
11	-0.340793	-0.323057
10	-130	-104

m
14
7	1.32198	1.1592
7	1.67871	1.472
7	3.55777	3.29856
9	-1.35376	-1.46237
2	-0.308516	-0.334599
3	-0.112173	-0.148055
7	-65	-52

n
15
7	3.08906	3.066
7	3.92262	3.89333
7	7.7121	7.6376
10	-1.98173	-2.04606
11	-0.608718	-0.605265
11	-0.340793	-0.323057
8	-117	-93.6

p
14
7	1.32198	1.1592
7	1.67871	1.472
7	3.55777	3.29856
9	-1.35376	-1.46237
2	-0.308516	-0.334599
3	-0.112173	-0.148055
7	-65	-52

r
15
7	3.08906	3.066
7	3.92262	3.89333
7	7.7121	7.6376
10	-1.98173	-2.04606
11	-0.608718	-0.605265
11	-0.340793	-0.323057
8	-117	-93.6

s
10
6	2.38401	2.2365
6	3.02731	2.84
6	6.55055	6.3776
4	-1.55506	-1.42884
2	-0.608718	-0.605265
5	-0.340793	-0.323057
5	-104	-83.2

SS
15
10	2.03448	1.9404
10	2.58346	2.464
10	3.75721	3.38632
11	0.825286	1.07455
3	0.537662	0.925048
5	0.395264	0.753298
8	-91	-72.8

t
10
6	2.38401	2.2365
6	3.02731	2.84
6	6.55055	6.3776
4	-1.55506	-1.42884
2	-0.608718	-0.605265
5	-0.340793	-0.323057
5	-104	-83.2

th
10
6	2.38401	2.2365
6	3.02731	2.84
6	6.55055	6.3776
4	-1.55506	-1.42884
2	-0.608718	-0.605265
5	-0.340793	-0.323057
5	-104	-83.2

v
12
6	1.37093	1.2201
6	1.74087	1.54933
6	4.25275	4.00232
6	-1.55246	-1.62275
4	-0.633084	-0.675266
10	-0.452145	-0.52028
6	-78	-62.4

w
12
6	1.37093	1.2201
6	1.74087	1.54933
6	4.25275	4.00232
6	1.11506	1.87645
4	0.46556	0.580651
10	0.605051	0.834294
6	-91	-72.8

z
10
6	2.38401	2.2365
6	3.02731	2.84
6	6.55055	6.3776
4	-1.55506	-1.42884
2	-0.608718	-0.605265
5	-0.340793	-0.323057
5	-104	-83.2
