
#
40
30	3.60013	3.129
30	4.5716	3.97333
30	8.39727	7.9176
26	-1.49442	-1.37214
20	-0.464962	-0.357932
25	-0.173632	-0.211945
20	-117	-93.6

b
40
20	1.90808	1.7514
20	2.42296	2.224
20	4.55836	4.27056
26	-1.49812	-1.60818
20	-0.329628	-0.371932
25	-0.137521	-0.145278
20	-65	-52

tS
35
15	2.82177	2.7048
15	3.5832	3.43467
15	6.73715	6.13032
16	1.04399	1.43904
17	0.217815	0.517654
13	0.185531	0.690298
18	-91	-72.8

d
35
15	3.68952	3.528
15	4.6851	4.48
15	8.51732	7.6376
16	-1.73202	-1.56006
17	-0.700661	-0.656598
13	-0.384741	-0.342501
18	-104	-83.2

f
60
35	2.4427	1.3524
35	3.10184	1.71733
35	5.48625	4.25432
15	-1.69118	-1.76855
33	-0.72935	-0.754598
25	-0.554029	-0.698056
30	-78	-62.4

g
25
11	3.57392	3.486
11	4.53831	4.42667
11	8.41026	8.1176
8	-2.07037	-2.16756
12	-0.700661	-0.656598
13	-0.384741	-0.342501
13	-117	-93.6

k
25
11	3.57392	3.486
11	4.53831	4.42667
11	8.41026	8.1176
8	-2.07037	-2.16756
12	-0.700661	-0.656598
13	-0.384741	-0.342501
13	-117	-93.6

l
50
21	4.57908	3.78
21	5.81471	4.8
21	10.0764	8.4776
18	-2.15137	-2.24856
20	-0.700661	-0.656598
20	-0.384741	-0.342501
25	-130	-104

m
40
20	1.90808	1.7514
20	2.42296	2.224
20	4.55836	4.27056
26	-1.49812	-1.60818
20	-0.329628	-0.371932
25	-0.137521	-0.145278
20	-65	-52

n
25
11	3.57392	3.486
11	4.53831	4.42667
11	8.41026	8.1176
8	-2.07037	-2.16756
12	-0.700661	-0.656598
13	-0.384741	-0.342501
13	-117	-93.6

p
40
20	1.90808	1.7514
20	2.42296	2.224
20	4.55836	4.27056
26	-1.49812	-1.60818
20	-0.329628	-0.371932
25	-0.137521	-0.145278
20	-65	-52

r
25
11	3.57392	3.486
11	4.53831	4.42667
11	8.41026	8.1176
8	-2.07037	-2.16756
12	-0.700661	-0.656598
13	-0.384741	-0.342501
13	-117	-93.6

s
35
15	3.68952	3.528
15	4.6851	4.48
15	8.51732	7.6376
16	-1.73202	-1.56006
17	-0.700661	-0.656598
13	-0.384741	-0.342501
18	-104	-83.2

SS
35
15	2.82177	2.7048
15	3.5832	3.43467
15	6.73715	6.13032
16	1.04399	1.43904
17	0.217815	0.517654
13	0.185531	0.690298
18	-91	-72.8

t
35
15	3.68952	3.528
15	4.6851	4.48
15	8.51732	7.6376
16	-1.73202	-1.56006
17	-0.700661	-0.656598
13	-0.384741	-0.342501
18	-104	-83.2

th
35
15	3.68952	3.528
15	4.6851	4.48
15	8.51732	7.6376
16	-1.73202	-1.56006
17	-0.700661	-0.656598
13	-0.384741	-0.342501
18	-104	-83.2

v
60
35	2.4427	1.3524
35	3.10184	1.71733
35	5.48625	4.25432
15	-1.69118	-1.76855
33	-0.72935	-0.754598
25	-0.554029	-0.698056
30	-78	-62.4

w
60
35	2.4427	1.3524
35	3.10184	1.71733
35	5.48625	4.25432
15	1.39958	1.51194
33	0.248961	0.717149
25	0.724946	1.24829
30	-91	-72.8

z
35
15	3.68952	3.528
15	4.6851	4.48
15	8.51732	7.6376
16	-0.922023	-0.75006
17	-0.700661	-0.656598
13	-0.384741	-0.342501
18	-104	-83.2
