
#
44
16	3.96024	3.06075
16	5.02888	3.88667
16	9.3792	7.5976
31	0.812312	0.729
27	1.12664	0.9219
39	0.819007	0.715502
22	-104	-83.2

b
44
22	1.93515	1.83645
22	2.45733	2.332
22	4.90752	4.31856
31	1.00281	1.0206
27	1.23164	1.2894
39	0.999007	1.10011
22	-52	-41.6

tS
34
10	3.10148	2.49827
10	3.93838	3.1724
8	6.67885	5.61232
10	1.71721	1.96757
8	2.3465	2.2029
15	1.87897	2.03129
17	-78	-62.4

d
33
15	4.08294	3.5385
15	5.18468	4.49333
15	8.72701	7.6276
24	1.08283	0.97119
20	1.12859	1.32615
22	0.929397	1.0008
17	-91	-72.8

f
40
18	2.84705	2.28445
18	3.6153	2.90089
18	6.16158	5.07878
18	0.880531	0.965197
32	0.493195	0.654155
30	-0.041502	-0.111946
20	-65	-52

g
40
20	4.49408	3.48075
20	5.70677	4.42
20	10.0681	8.3576
20	1.07991	1.02465
25	0.903556	0.801152
32	1.0477	0.978299
20	-104	-83.2

k
40
20	4.49408	3.48075
20	5.70677	4.42
20	10.0681	8.3576
20	1.07991	1.02465
25	0.903556	0.801152
32	1.0477	0.978299
20	-104	-83.2

l
35
13	4.74248	4.3365
13	6.0222	5.50667
10	10.3194	7.7976
17	1.01837	1.01169
25	0.949019	0.958654
25	0.822701	0.820795
18	-117	-93.6

m
44
22	1.93515	1.83645
22	2.45733	2.332
22	4.90752	4.31856
31	1.00281	1.0206
27	1.23164	1.2894
39	0.999007	1.10011
22	-52	-41.6

n
40
20	4.49408	3.48075
20	5.70677	4.42
20	10.0681	8.3576
20	1.07991	1.02465
25	0.903556	0.801152
32	1.0477	0.978299
20	-104	-83.2

p
44
22	1.93515	1.83645
22	2.45733	2.332
22	4.90752	4.31856
31	1.00281	1.0206
27	1.23164	1.2894
39	0.999007	1.10011
22	-52	-41.6

r
40
20	4.49408	3.48075
20	5.70677	4.42
20	10.0681	8.3576
20	1.07991	1.02465
25	0.903556	0.801152
32	1.0477	0.978299
20	-104	-83.2

s
33
15	4.08294	3.5385
15	5.18468	4.49333
15	8.72701	7.6276
24	1.08283	0.97119
20	1.12859	1.32615
22	0.929397	1.0008
17	-91	-72.8

SS
34
20	3.10148	2.49827
20	3.93838	3.1724
20	6.67885	5.61232
10	1.71721	1.96757
8	1.1915	1.7304
15	1.06897	1.4463
17	-78	-62.4

t
33
15	4.08294	3.5385
15	5.18468	4.49333
15	8.72701	7.6276
24	1.08283	0.97119
20	1.12859	1.32615
22	0.929397	1.0008
17	-91	-72.8

th
33
15	4.08294	3.5385
15	5.18468	4.49333
15	8.72701	7.6276
24	1.08283	0.97119
20	1.12859	1.32615
22	0.929397	1.0008
17	-91	-72.8

v
40
18	2.84705	2.28445
18	3.6153	2.90089
18	6.16158	5.07878
18	0.880531	0.965197
32	0.493195	0.654155
30	-0.041502	-0.111946
20	-65	-52

w
40
8	2.84705	2.28445
8	3.6153	2.90089
8	6.16158	5.07878
18	2.52078	2.67835
32	1.77312	1.98766
30	1.44053	1.7523
20	-78	-62.4

z
33
15	4.08294	3.5385
15	5.18468	4.49333
15	8.72701	7.6276
24	1.08283	0.97119
20	1.12859	1.32615
22	0.929397	1.0008
17	-91	-72.8
