
#
16
8	2.39975	2.0265
8	3.0473	2.57333
10	5.92768	3.9776
9	0.653124	0.627749
10	0.97099	0.942901
11	0.765659	0.657
8	-104	-83.2

b
16
8	1.31385	1.0899
8	1.66838	1.384
8	3.31661	2.14656
9	0.988762	0.965925
10	1.09699	1.1529
11	0.855659	0.936002
8	-52	-41.6

tS
20
10	1.67697	1.65625
10	2.12948	2.10317
10	3.61998	3.47172
15	1.43681	1.6942
10	1.99208	2.23965
13	1.67889	1.8783
10	-78	-62.4

d
14
8	2.72457	2.59455
8	3.45978	3.29467
8	6.05435	5.7376
9	0.829031	0.910439
5	1.06453	1.1844
5	0.804782	0.933298
7	-91	-72.8

f
15
9	1.77331	1.617
9	2.25183	2.05333
9	4.30668	4.10732
10	0.789455	0.946969
8	0.502134	0.659401
8	0.0134575	-0.136946
8	-65	-52

g
15
7	2.87243	2.81295
7	3.64753	3.572
7	6.5648	6.6376
9	0.918977	0.972001
12	1.01454	0.848404
13	1.26342	0.924296
8	-104	-83.2

k
15
7	2.87243	2.81295
7	3.64753	3.572
7	6.5648	6.6376
9	0.918977	0.972001
12	1.01454	0.848404
13	1.26342	0.924296
8	-104	-83.2

l
30
8	3.27231	3.2445
8	4.15531	4.12
12	7.20284	7.1096
15	0.99165	1.03194
10	0.962041	1.0059
10	0.813424	0.879296
15	-117	-93.6

m
16
8	1.31385	1.0899
8	1.66838	1.384
8	3.31661	2.14656
9	0.988762	0.965925
10	1.09699	1.1529
11	0.855659	0.936002
8	-52	-41.6

n
15
7	2.87243	2.81295
7	3.64753	3.572
7	6.5648	6.6376
9	0.918977	0.972001
12	1.01454	0.848404
13	1.26342	0.924296
8	-104	-83.2

p
16
8	1.43985	1.2159
8	1.82838	1.544
8	3.43661	2.98656
9	0.988762	0.965925
10	1.09699	1.1529
11	0.855659	0.936002
8	-52	-41.6

r
15
7	2.87243	2.81295
7	3.64753	3.572
7	6.5648	6.6376
9	0.918977	0.972001
12	1.01454	0.848404
13	1.26342	0.924296
8	-104	-83.2

s
14
8	2.72457	2.59455
8	3.45978	3.29467
8	6.05435	5.7376
9	0.829031	0.910439
5	1.06453	1.1844
5	0.804782	0.933298
7	-91	-72.8

SS
20
10	1.67697	1.65625
10	2.12948	2.10317
10	3.61998	3.47172
15	1.43681	1.6942
10	2.14958	2.13465
13	2.57889	2.6883
10	-78	-62.4

t
14
8	2.72457	2.59455
8	3.45978	3.29467
8	6.05435	5.7376
9	0.829031	0.910439
5	1.06453	1.1844
5	0.804782	0.933298
7	-91	-72.8

th
14
8	2.72457	2.59455
8	3.45978	3.29467
8	6.05435	5.7376
9	0.829031	0.910439
5	1.06453	1.1844
5	0.804782	0.933298
7	-91	-72.8

v
15
9	1.77331	1.617
9	2.25183	2.05333
9	4.30668	4.10732
10	0.789455	0.946969
8	0.502134	0.659401
8	0.0134575	-0.136946
8	-65	-52

w
15
8	1.77331	1.617
8	2.25183	2.05333
11	4.30668	4.10732
10	2.32767	2.51432
8	1.8175	2.05275
13	1.49846	1.7163
8	-78	-62.4

z
14
8	2.72457	2.59455
8	3.45978	3.29467
8	6.05435	5.7376
9	0.829031	0.910439
5	1.06453	1.1844
5	0.804782	0.933298
7	-91	-72.8
