
#
16
8	2.0853	1.848
8	2.648	2.34667
10	4.83266	4.6376
9	2.12023	1.88244
10	2.09568	1.92465
11	1.72988	1.47329
8	-104	-83.2

b
16
8	1.25118	1.1088
8	1.5888	1.408
8	2.8996	2.78256
9	2.71011	2.78769
10	2.41068	2.44965
11	1.90988	2.0133
8	-52	-41.6

tS
20
10	1.42478	1.39356
10	1.80925	1.7696
10	2.15257	1.96112
15	1.97843	2.3503
10	3.71112	3.81465
13	3.12013	3.1833
10	-78	-62.4

d
14
8	2.2848	2.2491
8	2.90133	2.856
8	4.4376	4.1976
9	2.57094	2.81394
5	2.59665	2.64915
5	1.87829	2.0133
7	-91	-72.8

f
15
9	1.53226	1.4553
9	1.94573	1.848
9	3.1277	3.00832
10	2.64328	2.86059
8	1.27206	1.45215
8	1.70762	1.0143
8	-65	-52

g
15
7	2.24811	2.2449
7	2.85475	2.85067
7	4.39649	5.0376
9	2.57094	2.81394
12	2.29529	1.90365
13	2.64069	1.9053
8	-104	-83.2

k
15
7	2.24811	2.2449
7	2.85475	2.85067
7	4.39649	5.0376
9	2.57094	2.81394
12	2.29529	1.90365
13	2.64069	1.9053
8	-104	-83.2

l
30
8	2.70161	2.688
8	3.43062	3.41333
12	5.36807	5.2616
15	3.05736	3.21894
10	2.19029	2.21865
10	1.74069	1.8153
15	-117	-93.6

m
16
8	1.25118	1.1088
8	1.5888	1.408
8	2.8996	2.78256
9	2.71011	2.78769
10	2.41068	2.44965
11	1.90988	2.0133
8	-52	-41.6

n
15
7	2.24811	2.2449
7	2.85475	2.85067
7	4.39649	5.0376
9	2.57094	2.81394
12	2.29529	1.90365
13	2.64069	1.9053
8	-104	-83.2

p
16
8	1.25118	1.1088
8	1.5888	1.408
8	2.8996	2.78256
9	2.71011	2.78769
10	2.41068	2.44965
11	1.90988	2.0133
8	-52	-41.6

r
15
7	2.24811	2.2449
7	2.85475	2.85067
7	4.39649	5.0376
9	2.57094	2.81394
12	2.29529	1.90365
13	2.64069	1.9053
8	-104	-83.2

s
14
8	2.2848	2.2491
8	2.90133	2.856
8	4.4376	4.1976
9	2.57094	2.81394
5	2.59665	2.64915
5	1.87829	2.0133
7	-91	-72.8

SS
20
10	1.42478	1.39356
10	1.80925	1.7696
10	2.15257	1.96112
15	1.97843	2.3503
10	4.02612	3.60465
13	4.92013	4.8033
10	-78	-62.4

t
14
8	2.2848	2.2491
8	2.90133	2.856
8	4.4376	4.1976
9	2.57094	2.81394
5	2.59665	2.64915
5	1.87829	2.0133
7	-91	-72.8

th
14
8	2.2848	2.2491
8	2.90133	2.856
8	4.4376	4.1976
9	2.57094	2.81394
5	2.59665	2.64915
5	1.87829	2.0133
7	-91	-72.8

v
15
9	1.53226	1.4553
9	1.94573	1.848
9	3.1277	3.00832
10	2.64328	2.86059
8	1.27206	1.45215
8	1.70762	1.0143
8	-65	-52

w
15
8	1.53226	1.4553
8	1.94573	1.848
11	3.1277	3.00832
10	3.00778	3.07929
8	2.55706	2.83715
13	2.60762	2.6343
8	-78	-62.4

z
14
8	2.2848	2.2491
8	2.90133	2.856
8	4.4376	4.1976
9	2.57094	2.81394
5	2.59665	2.64915
5	1.87829	2.0133
7	-91	-72.8
