
#
44
16	3.23303	2.9715
16	4.10544	3.77333
16	7.30108	6.0776
31	2.51562	2.32794
27	2.47853	2.02965
39	1.86242	1.5633
22	-104	-83.2

b
44
22	1.30982	1.5309
22	1.66326	1.944
22	3.90065	3.40656
31	2.92016	3.04284
27	2.68853	2.76465
39	2.22242	2.33252
22	-52	-41.6

tS
34
10	2.00082	1.36563
10	2.54072	1.73413
8	4.4697	3.21832
10	2.37842	2.67835
8	4.21568	4.33965
15	3.36456	3.44429
17	-78	-62.4

d
33
15	2.47989	2.31
15	3.14907	2.93333
15	4.76283	4.4576
24	3.25698	3.13794
20	2.8613	2.97465
22	2.13669	2.19329
17	-91	-72.8

f
40
18	2.09097	1.7346
18	2.6552	2.20267
18	4.52151	3.55432
18	2.92908	3.04285
32	1.37381	1.55716
30	1.7357	1.6083
20	-65	-52

g
40
20	2.97188	1.7115
20	3.77382	2.17333
20	6.85688	4.7976
20	3.09498	3.16224
25	2.20123	2.02965
32	2.2833	2.2383
20	-104	-83.2

k
40
20	2.97188	1.7115
20	3.77382	2.17333
20	6.85688	4.7976
20	3.09498	3.16224
25	2.20123	2.02965
32	2.2833	2.2383
20	-104	-83.2

l
35
13	3.12197	2.856
13	3.9644	3.62667
10	6.92117	5.5976
17	3.20905	3.29994
25	2.29215	2.34465
25	1.8333	1.92329
18	-117	-93.6

m
44
22	1.30982	1.5309
22	1.66326	1.944
22	3.90065	3.40656
31	2.92016	3.04284
27	2.68853	2.76465
39	2.22242	2.33252
22	-52	-41.6

n
40
20	2.97188	1.7115
20	3.77382	2.17333
20	6.85688	4.7976
20	3.09498	3.16224
25	2.20123	2.02965
32	2.2833	2.2383
20	-104	-83.2

p
44
22	1.30982	1.5309
22	1.66326	1.944
22	3.90065	3.40656
31	2.92016	3.04284
27	2.68853	2.76465
39	2.22242	2.33252
22	-52	-41.6

r
40
20	2.97188	1.7115
20	3.77382	2.17333
20	6.85688	4.7976
20	3.09498	3.16224
25	2.20123	2.02965
32	2.2833	2.2383
20	-104	-83.2

s
33
15	2.47989	2.31
15	3.14907	2.93333
15	4.76283	4.4576
24	3.25698	3.13794
20	2.8613	2.97465
22	2.13669	2.19329
17	-91	-72.8

SS
34
20	2.00082	1.36563
20	2.54072	1.73413
20	4.4697	3.21832
10	2.37842	2.67835
8	1.90567	3.39465
15	1.74456	2.27429
17	-78	-62.4

t
33
15	2.47989	2.31
15	3.14907	2.93333
15	4.76283	4.4576
24	3.25698	3.13794
20	2.8613	2.97465
22	2.13669	2.19329
17	-91	-72.8

th
33
15	2.47989	2.31
15	3.14907	2.93333
15	4.76283	4.4576
24	3.25698	3.13794
20	2.8613	2.97465
22	2.13669	2.19329
17	-91	-72.8

v
40
18	2.09097	1.7346
18	2.6552	2.20267
18	4.52151	3.55432
18	2.92908	3.04285
32	1.37381	1.55716
30	1.7357	1.6083
20	-65	-52

w
40
8	2.09097	1.7346
8	2.6552	2.20267
8	4.52151	3.55432
18	3.07488	3.18865
32	2.15881	2.34216
30	2.6357	2.7783
20	-78	-62.4

z
33
15	2.47989	2.31
15	3.14907	2.93333
15	4.76283	4.4576
24	3.25698	3.13794
20	2.8613	2.97465
22	2.13669	2.19329
17	-91	-72.8
