
#
16
8	2.27397	1.9551
8	2.88758	2.48267
10	5.48967	4.2416
9	2.12023	1.88244
10	2.09568	1.92465
11	1.72988	1.47329
8	-104	-83.2

b
16
8	1.28878	1.09746
8	1.63655	1.3936
8	3.1498	2.40096
9	2.71011	2.78769
10	2.41068	2.44965
11	1.90988	2.0133
8	-52	-41.6

tS
20
10	1.57609	1.55117
10	2.00139	1.96974
10	3.03302	2.86748
15	1.97843	2.3503
10	3.71112	3.81465
13	3.12013	3.1833
10	-78	-62.4

d
14
8	2.54867	2.45637
8	3.2364	3.1192
8	5.40765	5.1216
9	2.57094 2.61394
5	2.59665	2.64915
5	1.87829	2.0133
7	-91	-72.8

f
15
9	1.67689	1.55232
9	2.12939	1.9712
9	3.83509	3.66772
10	2.64328	2.86059
8	1.27206	1.45215
8	1.70762	1.0143
8	-65	-52

g
15
7	2.6227	2.58573
7	3.33042	3.28347
7	5.69748	5.9976
9	2.57094	2.81394
12	2.29529	1.90365
13	2.64069	1.9053
8	-104	-83.2

k
15
7	2.6227	2.58573
7	3.33042	3.28347
7	5.69748	5.9976
9	2.57094	2.81394
12	2.29529	1.90365
13	2.64069	1.9053
8	-104	-83.2

l
30
8	3.04403	3.0219
8	3.86543	3.83733
12	6.46893	6.3704
15	3.05736	3.21894
10	2.19029	2.21865
10	1.74069	1.8153
15	-117	-93.6

m
16
8	1.28878	1.09746
8	1.63655	1.3936
8	3.1498	2.40096
9	2.71011	2.78769
10	2.41068	2.44965
11	1.90988	2.0133
8	-52	-41.6

n
15
7	2.6227	2.58573
7	3.33042	3.28347
7	5.69748	5.9976
9	2.57094	2.81394
12	2.29529	1.90365
13	2.64069	1.9053
8	-104	-83.2

p
16
8	1.36438	1.17306
8	1.73255	1.4896
8	3.2218	2.90496
9	2.71011	2.78769
10	2.41068	2.44965
11	1.90988	2.0133
8	-52	-41.6

r
15
7	2.6227	2.58573
7	3.33042	3.28347
7	5.69748	5.9976
9	2.57094	2.81394
12	2.29529	1.90365
13	2.64069	1.9053
8	-104	-83.2

s
14
8	2.54867	2.45637
8	3.2364	3.1192
8	5.40765	5.1216
9	2.57094	2.81394
5	2.59665	2.64915
5	1.87829	2.0133
7	-91	-72.8

SS
20
10	1.57609	1.55117
10	2.00139	1.96974
10	3.03302	2.86748
15	1.97843	2.3503
10	4.02612	3.60465
13	4.92013	4.8033
10	-78	-62.4

t
14
8	2.54867	2.45637
8	3.2364	3.1192
8	5.40765	5.1216
9	2.57094	2.81394
5	2.59665	2.64915
5	1.87829	2.0133
7	-91	-72.8

th
14
8	2.54867	2.45637
8	3.2364	3.1192
8	5.40765	5.1216
9	2.57094	2.81394
5	2.59665	2.64915
5	1.87829	2.0133
7	-91	-72.8

v
15
9	1.67689	1.55232
9	2.12939	1.9712
9	3.83509	3.66772
10	2.64328	2.86059
8	1.27206	1.45215
8	1.70762	1.0143
8	-65	-52

w
15
8	1.67689	1.55232
8	2.12939	1.9712
11	3.83509	3.66772
10	3.00778	3.07929
8	3.05706	3.23715
13	2.60762	2.6343
8	-78	-62.4

z
14
8	2.54867	2.45637
8	3.2364	3.1192
8	5.40765	5.1216
9	2.57094	2.81394
5	2.59665	2.64915
5	1.87829	2.0133
7	-91	-72.8
