
#
10
5	3.87743	3.15
5	6.8932	5.6
5	14.0454	6.6352
4	0.904429	0.696598
7	-0.102469	-0.0258986
7	-0.110313	-0.0884965
5	1	0.8

b
10
5	3.27743	2.55
5	5.82654	4.53333
5	12.4454	5.0352
4	0.904429	1.0566
7	-0.144469	-0.0958986
7	-0.110313	-0.078497
5	1	0.8

tS
20
10	3.93703	3.9162
10	6.99917	6.96213
10	14.5354	14.2352
5	-1.10518	-1.2816
5	0.182034	0.443102
5	0.132023	0.318496
5	1	0.8

d
12
7	4.5205	4.2
7	8.03644	7.46667
7	15.3422	14.5552
10	1.01431	1.1034
8	-0.311726	-0.1869
8	-0.149294	-0.081501
6	1	0.8

f
18
9	4.11095	3.63
9	7.30835	6.45333
9	15.6733	14.8752
10	1.31403	1.1934
2	-0.178529	-0.0889
13	-0.933724	-1.0565
9	1	0.8

g
14
7	4.99536	4.83
7	8.88064	8.58667
7	17.4662	16.4752
9	0.814429	0.966598
8	-0.177472	-0.137898
8	-0.0632445	-0.0315025
7	1	0.8

k
14
7	4.99536	4.83
7	8.88064	8.58667
7	17.4662	16.4752
9	0.814429	0.966598
8	-0.177472	-0.137898
8	-0.0632445	-0.0315025
7	1	0.8

l
20
10	5.49	5.43
10	9.76	9.65333
10	18.0752	17.9152
7	1.1934	1.2834
14	-0.177472	-0.137898
14	-0.0632445	-0.0315025
10	1	0.8

m
10
5	3.27743	2.55
5	5.82654	4.53333
5	12.4454	5.0352
4	0.904429	1.0566
7	-0.144469	-0.0958986
7	-0.110313	-0.078497
5	1	0.8

n
14
7	4.99536	4.83
7	8.88064	8.58667
7	17.4662	16.4752
9	0.814429	0.966598
8	-0.177472	-0.137898
8	-0.0632445	-0.0315025
7	1	0.8

p
10
5	3.87743	3.15
5	6.8932	5.6
5	13.2454	10.6352
4	0.904429	1.0566
7	-0.144469	-0.0958986
7	-0.110313	-0.078497
5	1	0.8

r
14
7	4.99536	4.83
7	8.88064	8.58667
7	17.4662	16.4752
9	0.814429	0.966598
8	-0.177472	-0.137898
8	-0.0632445	-0.0315025
7	1	0.8

s
12
7	4.5205	4.2
7	8.03644	7.46667
7	15.3422	14.5552
10	1.01431	1.1034
8	-0.311726	-0.1869
4	-0.149294	-0.081501
6	1	0.8

SS
20
10	3.93703	3.9162
10	6.99917	6.96213
10	14.5354	14.2352
5	-1.10518	-1.2816
5	0.182034	0.443102
5	0.132023	0.318496
10	1	0.8

t
12
7	4.5205	4.2
7	8.03644	7.46667
7	15.3422	14.5552
10	1.01431	1.1034
8	-0.311726	-0.1869
4	-0.149294	-0.081501
6	1	0.8

th
12
7	4.5205	4.2
7	8.03644	7.46667
7	15.3422	14.5552
10	1.01431	1.1034
8	-0.311726	-0.1869
4	-0.149294	-0.081501
6	1	0.8

v
18
9	4.11095	3.63
9	7.30835	6.45333
9	15.6733	14.8752
10	1.31403	1.1934
2	-0.178529	-0.0889
13	-0.933724	-1.0565
9	1	0.8

w
18
9	4.11095	3.63
9	7.30835	6.45333
9	15.6733	14.8752
10	-2.03403	-2.4066
2	0.38529	0.5789
13	0.216276	0.443496
9	1	0.8

z
12
7	4.5205	4.2
7	8.03644	7.46667
7	15.3422	14.5552
10	1.01431	1.1034
8	-0.311726	-0.1869
4	-0.149294	-0.081501
6	1	0.8
