
#
50
25	6.69636	4.5
25	11.9046	8
25	22.9146	18.2352
20	0.99	0.966599
35	-0.150172	-0.123899
35	-0.124668	-0.073498
25	1	0.8

b
50
25	6.09636	5.1
25	10.838	9.06667
25	19.7146	17.4352
20	1.12906	1.2366
35	-0.150172	-0.123899
35	-0.124668	-0.073498
25	1	0.8

tS
35
18	8.57578	7.41
18	15.2458	13.1733
18	25.3943	22.8752
5	-1.3037	-1.5516
18	0.318218	0.0441035
18	0.218548	0.343498
18	1	0.8

d
50
30	8.12283	6.81
30	14.4406	12.1067
30	25.3824	21.5952
15	1.21257	1.3284
40	-0.402744	-0.214897
40	-0.154387	-0.106501
25	1	0.8

f
50
30	7.35334	5.7843
30	13.0726	10.2832
30	22.2904	18.8664
16	1.442	1.3734
36	-0.258281	-0.165897
13	-1.11368	-1.2965
25	1	0.8

g
50
25	8.59469	7.5
25	15.2795	13.3333
25	26.5588	23.8352
20	1.03906	1.2366
25	-0.262744	-0.284897
25	-0.104387	-0.156501
25	1	0.8

k
50
25	8.59469	7.5
25	15.2795	13.3333
25	26.5588	23.8352
20	1.03906	1.2366
25	-0.262744	-0.284897
25	-0.104387	-0.156501
25	1	0.8

l
46
23	9.09	8.31
23	16.16	14.7733
23	27.4352	19.9952
20	1.30257	1.4184
21	-0.262744	-0.284897
21	-0.104387	-0.156501
23	1	0.8

m
50
25	6.09636	5.1
25	10.838	9.06667
25	19.7146	17.4352
20	1.12906	1.2366
35	-0.150172	-0.123899
35	-0.124668	-0.073498
25	1	0.8

n
50
25	8.59469	7.5
25	15.2795	13.3333
25	26.5588	23.8352
20	1.03906	1.2366
25	-0.262744	-0.284897
25	-0.104387	-0.156501
25	1	0.8

p
50
25	6.09636	5.1
25	10.838	9.06667
25	19.7146	17.4352
20	1.12906	1.2366
35	-0.150172	-0.123899
35	-0.124668	-0.073498
25	1	0.8

r
50
25	8.59469	7.5
25	15.2795	13.3333
25	26.5588	23.8352
20	1.03906	1.2366
25	-0.262744	-0.284897
25	-0.104387	-0.156501
25	1	0.8

s
50
30	8.12283	6.81
30	14.4406	12.1067
30	25.3824	21.5952
15	1.21257	1.3284
40	-0.402744	-0.214897
40	-0.154387	-0.106501
25	1	0.8

SS
35
18	8.57578	7.41
18	15.2458	13.1733
18	25.3943	22.8752
5	-1.3037	-1.5516
18	0.318218	0.0441035
18	0.218548	0.343498
18	1	0.8

t
50
30	8.12283	6.81
30	14.4406	12.1067
30	25.3824	21.5952
15	1.21257	1.3284
40	-0.402744	-0.214897
40	-0.154387	-0.106501
25	1	0.8

th
50
30	8.12283	6.81
30	14.4406	12.1067
30	25.3824	21.5952
15	1.21257	1.3284
40	-0.402744	-0.214897
40	-0.154387	-0.106501
25	1	0.8

v
50
30	7.35334	5.7843
30	13.0726	10.2832
30	22.2904	18.8664
16	1.442	1.3734
36	-0.258281	-0.165897
13	-1.11368	-1.2965
25	1	0.8

w
50
30	7.35334	5.7843
30	13.0726	10.2832
30	22.2904	18.8664
16	-2.428	-2.6766
36	0.258281	0.422103
13	0.136318	0.4035
25	1	0.8

z
50
30	8.12283	6.81
30	14.4406	12.1067
30	25.3824	21.5952
15	1.21257	1.3284
40	-0.402744	-0.214897
40	-0.154387	-0.106501
25	1	0.8
