# a
10
5	0.0
5	0.0
5	0.0
5	0.0
5	0.0
5	0.0
5	0.0

# e
10
5	0.0
5	0.0
5	0.0
5	0.0
5	0.0
5	0.0
5	0.0

# i
10
5	0.0
5	0.0
5	0.0
5	0.0
5	0.0
5	0.0
5	0.0

# o
10
5	0.0
5	0.0
5	0.0
5	0.0
5	0.0
5	0.0
5	0.0

# u
10
5	0.0
5	0.0
5	0.0
5	0.0
5	0.0
5	0.0
5	0.0

# y
10
5	0.0
5	0.0
5	0.0
5	0.0
5	0.0
5	0.0
5	0.0

b a
15
8	-1.35
8	-2.4
8	3.2752
9	1.6056
7	-0.0469007
7	-0.018499
8	1

b e
14
7	-1.29512
7	-2.30244
7	2.91578
11	1.90049
5	-0.571901
5	-0.275001
7	1

b i
14
7	-1.24024
7	-2.20487
7	2.55636
11	2.19538
5	-1.0969
5	-0.531502
7	1

b o
16
8	-0.855997
8	-1.52177
8	4.12693
10	-1.16877
6	0.653099
6	0.675
8	1.5

b u
16
8	-0.361993
8	-0.643544
8	4.97867
10	-3.94314
6	1.3531
6	1.3685
8	2

b y
16
8	-0.801117
8	-1.42421
8	3.76751
10	-3.94314
6	1.3531
6	1.3685
8	2

tS a
20
10	2.42047
10	4.30306
10	7.92278
10	-2.06918
9	1.47758
9	0.954907
10	1

tS e
14
6	2.55291
6	4.5385
6	7.50499
8	-2.10761
8	1.18957
8	0.787249
7	1

tS i
14
6	2.68534
6	4.77394
6	7.08719
8	-2.14604
8	0.901559
8	0.619591
7	1

tS o
10
4	2.49273
4	4.43151
4	7.03463
5	-2.82289
4	2.28368
5	1.4617
5	1

tS u
10
4	2.56498
4	4.55996
4	6.14648
5	-3.5766
4	3.08979
5	1.9685
5	1

tS y
10
4	2.62516
4	4.66695
4	6.61684
5	-3.5766
4	3.08979
5	1.9685
5	1

d a
12
6	2.46495
6	4.38214
6	9.83405
5	1.35873
8	-0.147387
8	-0.050406
6	1

d e
10
5	2.14276
5	3.80936
5	8.84042
3	1.69559
5	-0.437895
5	-0.281916
5	1

d i
10
5	1.82057
5	3.23658
5	7.84679
3	2.03246
5	-0.728403
5	-0.513427
5	1

d o
17
7	2.61816
7	4.65452
7	8.67538
14	-1.17443
11	0.966497
11	0.609046
8	1

d u
17
7	2.77137
7	4.92689
7	5.91672
14	-3.70758
11	2.08038
11	1.2685
8	1

d y
17
7	2.29597
7	4.08173
7	6.88175
14	-3.70758
11	2.08038
11	1.2685
8	1

f a
21
12	0.196149
12	0.348709
12	6.43792
11	1.6956
14	-0.0533771
4	-2.3004
11	1

f e
14
7	0.0277326
7	0.0493032
5	6.62942
6	1.99049
10	-0.400139
2	-2.35406
7	1

f i
14
7	-0.140683
7	-0.250102
5	6.82093
6	2.28538
10	-0.746901
2	-2.40773
7	1

f o
15
8	0.709523
8	1.26137
8	6.09258
11	-1.12377
10	0.509861
6	-1.49535
8	1

f u
15
8	1.2229
8	2.17404
8	5.74724
11	-3.94314
10	1.0731
6	-0.690292
8	1

f y
15
8	0.541108
8	0.961969
8	6.28409
11	-3.94314
10	1.0731
6	-0.690292
8	1

g a
8
4	3.8193
4	6.78987
4	13.5586
4	1.3188
3	-0.406387
3	-0.240406
4	1

g e
10
6	3.65232
6	6.49301
6	13.0413
7	1.8906
7	-0.87849
7	-0.564156
5	1

g i
10
6	3.48533
6	6.19615
6	12.5241
7	2.4624
7	-1.35059
7	-0.887905
5	1

g o
15
8	3.18363
8	5.6598
8	10.6811
4	-1.16092
12	0.394689
12	0.379409
8	1

g u
15
8	2.54797
8	4.52972
8	7.80364
4	-3.64063
12	1.19577
12	0.999225
8	1

g y
15
8	3.01665
8	5.36294
8	10.1639
4	-3.64063
12	1.19577
12	0.999225
8	1

k a
8
4	3.8193
4	6.78987
4	13.5586
4	1.3188
3	-0.406387
3	-0.240406
4	1

k e
10
6	3.65232
6	6.49301
6	13.0413
7	1.8906
7	-0.87849
7	-0.564156
5	1

k i
10
6	3.48533
6	6.19615
6	12.5241
7	2.4624
7	-1.35059
7	-0.887905
5	1

k o
15
8	3.18363
8	5.6598
8	10.6811
4	-1.16092
12	0.394689
12	0.379409
8	1

k u
15
8	2.54797
8	4.52972
8	7.80364
4	-3.64063
12	1.19577
12	0.999225
8	1

k y
15
8	3.01665
8	5.36294
8	10.1639
4	-3.64063
12	1.19577
12	0.999225
8	1

l a
10
5	5.82
5	10.3467
5	18.0752
3	1.4988
3	-0.406387
3	-0.240406
5	1

l e
15
8	5.21535
8	9.27173
8	16.7152
6	2.0256
10	-0.87849
10	-0.564156
8	1

l i
15
8	4.6107
8	8.1968
8	15.3552
6	2.5524
10	-1.35059
10	-0.887905
8	1

l o
18
10	4.79416
10	8.52296
10	15.1552
10	-1.11592
15	0.604689
15	0.43441
9	1

l u
18
10	3.76833
10	6.69925
10	12.2352
10	-3.73063
15	1.61577
15	1.10923
9	1

l y
18
10	4.18951
10	7.44802
10	13.7952
10	-3.73063
15	1.61577
15	1.10923
9	1

m a
15
8	-1.23053
8	-2.18761
8	3.5043
10	0.190218
10	-0.0469007
10	-0.031502
8	1

m e
14
7	-1.18388
7	-2.10467
7	3.72186
7	0.742798
4	-0.571901
4	-0.281502
7	1

m i
14
7	-1.13723
7	-2.02174
7	3.93942
7	1.29538
4	-1.0969
4	-0.531502
7	1

m o
16
8	-0.817093
8	-1.45261
8	5.36082
11	-0.723738
10	0.653099
10	0.418499
8	1

m u
16
8	-0.403656
8	-0.717611
8	7.21734
11	-1.63769
10	1.3531
10	0.8685
8	1

m y
16
8	-0.770442
8	-1.36968
8	5.57838
11	-1.63769
10	1.3531
10	0.8685
8	1

n a
8
4	3.8193
4	6.78987
4	13.5586
4	1.3188
3	-0.406387
3	-0.240406
4	1

n e
10
6	3.65232
6	6.49301
6	13.0413
7	1.8906
7	-0.87849
7	-0.564156
5	1

n i
10
6	3.48533
6	6.19615
6	12.5241
7	2.4624
7	-1.35059
7	-0.887905
5	1

n o
15
8	3.18363
8	5.6598
8	10.6811
4	-1.16092
12	0.394689
12	0.379409
8	1

n u
15
8	2.54797
8	4.52972
8	7.80364
4	-3.64063
12	1.19577
12	0.999225
8	1

n y
15
8	3.01665
8	5.36294
8	10.1639
4	-3.64063
12	1.19577
12	0.999225
8	1

p a
15
8	-1.49337
8	-2.65488
8	3.53435
10	0.225436
9	-0.0469007
9	-0.031502
8	1

p e
14
7	-1.40347
7	-2.49505
7	2.94925
11	0.760406
4	-0.571901
4	-0.281502
7	1

p i
14
7	-1.31356
7	-2.33523
7	2.36416
11	1.29538
4	-1.0969
4	-0.531502
7	1

p o
16
8	-1.01083
8	-1.79702
8	4.94235
14	-0.353082
12	0.653099
12	0.468498
8	1

p u
16
8	-0.528283
8	-0.939169
8	6.35035
14	-0.931599
12	1.3531
12	0.968498
8	1

p y
16
8	-0.920924
8	-1.6372
8	4.35726
14	-0.931599
12	1.3531
12	0.968498
8	1

r a
8
4	3.8193
4	6.78987
4	13.5586
4	1.3188
3	-0.406387
3	-0.240406
4	1

r e
8
6	3.65232
6	6.49301
6	13.0413
7	1.8906
7	-0.87849
7	-0.564156
5	1

r i
10
6	3.48533
6	6.19615
6	12.5241
7	2.4624
7	-1.35059
7	-0.887905
5	1

r o
15
8	3.18363
8	5.6598
8	10.6811
4	-1.16092
12	0.394689
12	0.379409
8	1

r u
15
8	2.54797
8	4.52972
8	7.80364
4	-3.64063
12	1.19577
12	0.999225
8	1

r y
15
8	3.01665
8	5.36294
8	10.1639
4	-3.64063
12	1.19577
12	0.999225
8	1

s a
12
6	2.46495
6	4.38214
6	9.83405
5	1.35873
8	-0.147387
8	-0.050406
6	1

s e
10
5	2.14276
5	3.80936
5	8.84042
3	1.69559
5	-0.437895
5	-0.281916
5	1

s i
10
5	1.82057
5	3.23658
5	7.84679
3	2.03246
5	-0.728403
5	-0.513427
5	1

s o
20
7	2.61816
7	4.65452
7	8.67538
14	-1.17443
11	0.966497
11	0.609046
8	1

s u
17
7	2.77137
7	4.92689
7	5.91672
14	-3.70758
11	2.08038
11	1.2685
8	1

s y
20
7	2.29597
7	4.08173
7	6.88175
14	-3.70758
11	2.08038
11	1.2685
8	1

SS a
20
10	2.42047
10	4.30306
10	7.92278
10	-2.06918
9	1.47758
9	0.954907
10	1

SS e
14
7	2.40274
7	4.27155
7	8.32059
8	-2.10761
8	1.26731
8	0.928074
7	1

SS i
14
7	2.38501
7	4.24003
7	8.71839
8	-2.14604
8	1.05704
8	0.901241
7	1

SS o
10
5	2.49273
5	4.43151
5	7.03463
5	-2.82289
5	1.93368
5	1.2117
5	1

SS u
10
5	2.56498
5	4.55996
5	6.14648
5	-3.5766
5	2.38979
5	1.4685
5	1

SS y
10
5	2.475
5	4.39999
5	7.43244
5	-3.5766
5	2.38979
5	1.4685
5	1

t a
12
6	3.06496
6	5.44881
6	10.6341
5	1.35873
8	-0.147387
8	-0.050406
6	1

t e
10
5	2.44276
5	4.34269
5	9.24042
3	1.69559
5	-0.437895
5	-0.281916
5	1

t i
10
5	1.82057
5	3.23658
5	7.20679
3	2.03246
5	-0.728403
5	-0.513427
5	1

t o
16
7	2.91816
7	5.18785
7	9.07539
14	-1.17443
11	0.966497
11	0.609046
8	1

t u
17
7	2.77137
7	4.92689
7	5.91672
14	-3.70758
11	2.08038
11	1.2685
8	1

t y
16
7	2.29597
7	4.08173
7	6.88175
14	-3.70758
11	2.08038
11	1.2685
8	1

th a
12
6	2.46495
6	4.38214
6	9.83405
5	1.35873
8	-0.147387
8	-0.050406
6	1

th e
10
5	2.14276
5	3.80936
5	9.64042
3	1.69559
5	-0.437895
5	-0.281916
5	1

th i
10
5	1.82057
5	3.23658
5	9.44679
3	2.03246
5	-0.728403
5	-0.513427
5	1

th o
16
7	2.61816
7	4.65452
7	7.87538
14	-1.17443
11	0.966497
11	0.609046
8	1

th u
17
7	2.77137
7	4.92689
7	5.91672
14	-3.70758
11	2.08038
11	1.2685
8	1

th y
16
7	2.29597
7	4.08173
7	7.68175
14	-3.70758
11	2.08038
11	1.2685
8	1

v a
21
12	0.196149
12	0.348709
12	6.43792
11	1.6956
14	-0.0533771
4	-2.3004
11	1

v e
14
7	0.0277326
7	0.0493032
5	6.62942
6	1.99049
10	-0.400139
2	-2.35406
7	1

v i
14
7	-0.140683
7	-0.250102
5	6.82093
6	2.28538
10	-0.746901
2	-2.40773
7	1

v o
15
8	0.709523
8	1.26137
8	6.09258
11	-1.12377
10	0.509861
6	-1.49535
8	1

v u
15
8	1.2229
8	2.17404
8	5.74724
11	-3.94314
10	1.0731
6	-0.690292
8	1

v y
15
8	0.541108
8	0.961969
8	6.28409
11	-3.94314
10	1.0731
6	-0.690292
8	1

w a
18
9	2.36288
9	4.20067
9	7.21911
9	-3.30515
2	0.704983
2	0.636318
9	1

w e
14
7	1.83107
7	3.25524
7	6.65921
9	-3.0462
7	0.644041
7	0.594557
7	1

w i
14
7	1.29927
7	2.30982
7	6.09931
9	-2.78724
7	0.5831
7	0.552796
7	1

w o
15
8	1.84827
8	3.2858
8	6.61002
11	-3.72057
10	1.48709
13	1.07853
8	1

w u
15
8	1.33365
8	2.37094
8	6.00093
11	-4.13599
10	2.26921
13	1.52074
8	1

w y
15
8	1.31646
8	2.34038
8	6.05012
11	-4.13599
10	2.26921
13	1.52074
8	1

z a
12
6	2.46495
6	4.38214
6	9.83405
5	1.35873
8	-0.147387
8	-0.050406
6	1

z e
10
5	2.14276
5	3.80936
5	8.84042
3	1.69559
5	-0.437895
5	-0.281916
5	1

z i
10
5	1.82057
5	3.23658
5	7.84679
3	2.03246
5	-0.728403
5	-0.513427
5	1

z o
20
7	2.61816
7	4.65452
7	8.67538
14	-1.17443
11	0.966497
11	0.609046
8	1

z u
17
7	2.77137
7	4.92689
7	5.91672
14	-3.70758
11	2.08038
11	1.2685
8	1

z y
20
7	2.29597
7	4.08173
7	6.88175
14	-3.70758
11	2.08038
11	1.2685
8	1
