
#
40
30	5.9197	4.485
30	10.5239	7.97333
30	19.8546	17.0352
26	1.32523	1.2456
20	-0.423807	-0.330399
25	-0.218603	-0.227499
20	1	0.8

b
40
20	5.3197	4.635
20	9.45725	8.24
20	17.4546	15.8352
26	1.48929	1.611
20	-0.322307	-0.340899
25	-0.186103	-0.167499
20	1	0.8

tS
35
15	7.16725	6.465
15	12.7418	11.4933
15	22.3216	20.1952
16	-1.29629	-1.6641
17	0.231714	0.194603
13	0.160811	0.363499
18	1	0.8

d
35
15	6.69678	5.925
15	11.9054	10.5333
15	21.2085	18.4352
16	1.56852	1.5309
17	-0.726867	-0.599897
13	-0.42346	-0.361502
18	1	0.8

f
60
35	6.16922	4.27215
35	10.9675	7.59493
35	18.9827	15.5108
15	1.76494	1.7784
33	-0.676153	-0.648896
25	-1.05547	-1.2765
30	1	0.8

g
25
11	6.85014	6.24
11	12.178	11.0933
11	21.6896	20.0352
8	1.66973	1.8225
12	-0.656867	-0.634897
13	-0.39846	-0.386502
13	1	0.8

k
25
11	6.85014	6.24
11	12.178	11.0933
11	21.6896	20.0352
8	1.66973	1.8225
12	-0.656867	-0.634897
13	-0.39846	-0.386502
13	1	0.8

l
50
21	7.81577	6.855
21	13.8947	12.1867
21	23.794	18.4752
18	1.84649	1.9584
20	-0.656867	-0.634897
20	-0.39846	-0.386502
25	1	0.8

m
40
20	5.3197	4.635
20	9.45725	8.24
20	17.4546	15.8352
26	1.48929	1.611
20	-0.322307	-0.340899
25	-0.186103	-0.167499
20	1	0.8

n
25
11	6.85014	6.24
11	12.178	11.0933
11	21.6896	20.0352
8	1.66973	1.8225
12	-0.656867	-0.634897
13	-0.39846	-0.386502
13	1	0.8

p
40
20	5.3197	4.635
20	9.45725	8.24
20	17.4546	15.8352
26	1.48929	1.611
20	-0.322307	-0.340899
25	-0.186103	-0.167499
20	1	0.8

r
25
11	6.85014	6.24
11	12.178	11.0933
11	21.6896	20.0352
8	1.66973	1.8225
12	-0.656867	-0.634897
13	-0.39846	-0.386502
13	1	0.8

s
35
15	6.69678	5.925
15	11.9054	10.5333
15	21.2085	18.4352
16	1.56852	1.5309
17	-0.726867	-0.599897
13	-0.42346	-0.361502
18	1	0.8

SS
35
15	7.16725	6.465
15	12.7418	11.4933
15	22.3216	20.1952
16	-1.29629	-1.6641
17	0.231714	0.194603
13	0.160811	0.363499
18	1	0.8

t
35
15	6.69678	5.925
15	11.9054	10.5333
15	21.2085	18.4352
16	1.56852	1.5309
17	-0.726867	-0.599897
13	-0.42346	-0.361502
18	1	0.8

th
35
15	6.69678	5.925
15	11.9054	10.5333
15	21.2085	18.4352
16	1.56852	1.5309
17	-0.726867	-0.599897
13	-0.42346	-0.361502
18	1	0.8

v
60
35	6.16922	4.27215
35	10.9675	7.59493
35	18.9827	15.5108
15	1.76494	1.7784
33	-0.676153	-0.648896
25	-1.05547	-1.2765
30	1	0.8

w
60
35	6.16922	4.27215
35	10.9675	7.59493
35	18.9827	15.5108
15	-2.07794	-2.2716
33	0.212127	0.450101
25	0.269533	0.548498
30	1	0.8

z
35
15	6.69678	5.925
15	11.9054	10.5333
15	21.2085	18.4352
16	1.11852	1.0809
17	-0.726867	-0.599897
13	-0.42346	-0.361502
18	1	0.8
