
#
14
7	3.6625	2.955
7	6.51111	5.25333
7	13.1523	8.8152
9	1.23656	1.1106
2	-0.35262	-0.246399
3	-0.1042	-0.085998
7	1	0.8

b
14
7	3.2125	2.655
7	5.71111	4.72
7	12.1523	8.0152
9	1.28787	1.431
2	-0.303622	-0.298899
3	-0.156113	-0.172498
7	1	0.8

tS
15
10	4.04451	3.9381
10	7.19025	7.00107
10	12.6352	11.9552
11	-1.06202	-1.3041
3	0.270237	0.529901
5	0.175807	0.368497
8	1	0.8

d
10
6	3.96311	3.6975
6	7.04553	6.57333
6	14.2216	13.6552
4	1.37108	1.3455
5	-0.612402	-0.547399
5	-0.381361	-0.331502
5	1	0.8

f
12
6	3.45439	3.06
6	6.14113	5.44
6	13.912	13.1552
6	1.61532	1.5984
4	-0.564077	-0.550899
10	-0.873792	-0.996503
6	1	0.8

g
15
7	4.70415	4.605
7	8.36294	8.18667
7	16.4452	15.8752
10	1.50818	1.62
11	-0.545275	-0.522898
11	-0.338336	-0.306502
8	1	0.8

k
15
7	4.70415	4.605
7	8.36294	8.18667
7	16.4452	15.8752
10	1.50818	1.62
11	-0.545275	-0.522898
11	-0.338336	-0.306502
8	1	0.8

l
20
10	5.06632	5.013
10	9.0068	8.912
10	16.434	16.3752
9	1.74266	1.8234
11	-0.545275	-0.522898
11	-0.338336	-0.306502
10	1	0.8

m
14
7	3.2125	2.655
7	5.71111	4.72
7	12.1523	8.0152
9	1.28787	1.431
2	-0.303622	-0.298899
3	-0.156113	-0.172498
7	1	0.8

n
15
7	4.70415	4.605
7	8.36294	8.18667
7	16.4452	15.8752
10	1.50818	1.62
11	-0.545275	-0.522898
11	-0.338336	-0.306502
8	1	0.8

p
14
7	3.5125	2.955
7	6.24444	5.25333
7	12.5523	10.8152
9	1.28787	1.431
2	-0.303622	-0.298899
3	-0.156113	-0.172498
7	1	0.8

r
15
7	4.70415	4.605
7	8.36294	8.18667
7	16.4452	15.8752
10	1.50818	1.62
11	-0.545275	-0.522898
11	-0.338336	-0.306502
8	1	0.8

s
10
6	3.96311	3.6975
6	7.04553	6.57333
6	14.2216	13.6552
4	1.37108	1.3455
2	-0.612402	-0.547399
5	-0.381361	-0.331502
5	1	0.8

SS
15
10	4.04451	3.9381
10	7.19025	7.00107
10	12.6352	11.9552
11	-1.06202	-1.3041
3	0.270237	0.529901
5	0.175807	0.368497
8	1	0.8

t
10
6	3.96311	3.6975
6	7.04553	6.57333
6	14.2216	13.6552
4	1.37108	1.3455
2	-0.612402	-0.547399
5	-0.381361	-0.331502
5	1	0.8

th
10
6	3.96311	3.6975
6	7.04553	6.57333
6	14.2216	13.6552
4	1.37108	1.3455
2	-0.612402	-0.547399
5	-0.381361	-0.331502
5	1	0.8

v
12
6	3.45439	3.06
6	6.14113	5.44
6	13.912	13.1552
6	1.61532	1.5984
4	-0.564077	-0.550899
10	-0.873792	-0.996503
6	1	0.8

w
12
6	3.45439	3.06
6	6.14113	5.44
6	13.912	13.1552
6	-1.70532	-2.3616
4	0.347831	0.483001
10	0.276208	0.453497
6	1	0.8

z
10
6	3.96311	3.6975
6	7.04553	6.57333
6	14.2216	13.6552
4	1.37108	1.3455
2	-0.612402	-0.547399
5	-0.381361	-0.331502
5	1	0.8
