
#
14
7	3.44757	2.76
7	6.12902	4.90667
7	12.2592	10.9952
9	1.56869	1.5246
2	-0.602771	-0.4669
3	-0.0980875	-0.0835
7	1	0.8

b
14
7	3.14757	2.76
7	5.59569	4.90667
7	11.8592	10.9952
9	1.67131	1.8054
2	-0.462773	-0.501899
3	-0.201913	-0.2665
7	1	0.8

tS
15
10	4.152	3.96
10	7.38132	7.04
10	10.7349	9.6752
11	-1.01887	-1.3266
3	0.358441	0.616699
5	0.219591	0.418499
8	1	0.8

d
10
6	3.40573	3.195
6	6.05462	5.68
6	13.1011	12.7552
4	1.72784	1.5876
5	-0.913077	-0.907898
5	-0.613427	-0.581502
5	1	0.8

f
12
6	2.79782	2.49
6	4.97391	4.42667
6	12.1507	11.4352
6	1.91661	2.0034
4	-0.949626	-1.0129
10	-0.81386	-0.936503
6	1	0.8

g
15
7	4.41295	4.38
7	7.84524	7.78667
7	15.4242	15.2752
10	2.20192	2.2734
11	-0.913077	-0.907898
11	-0.613427	-0.581502
8	1	0.8

k
15
7	4.41295	4.38
7	7.84524	7.78667
7	15.4242	15.2752
10	2.20192	2.2734
11	-0.913077	-0.907898
11	-0.613427	-0.581502
8	1	0.8

l
20
10	4.64265	4.596
10	8.25359	8.17067
10	14.7928	14.8352
9	2.29192	2.3634
11	-0.913077	-0.907898
11	-0.613427	-0.581502
10	1	0.8

m
14
7	3.14757	2.76
7	5.59569	4.90667
7	11.8592	10.9952
9	1.67131	1.8054
2	-0.462773	-0.501899
3	-0.201913	-0.2665
7	1	0.8

n
15
7	4.41295	4.38
7	7.84524	7.78667
7	15.4242	15.2752
10	2.20192	2.2734
11	-0.913077	-0.907898
11	-0.613427	-0.581502
8	1	0.8

p
14
7	3.14757	2.76
7	5.59569	4.90667
7	11.8592	10.9952
9	1.67131	1.8054
2	-0.462773	-0.501899
3	-0.201913	-0.2665
7	1	0.8

r
15
7	4.41295	4.38
7	7.84524	7.78667
7	15.4242	15.2752
10	2.20192	2.2734
11	-0.913077	-0.907898
11	-0.613427	-0.581502
8	1	0.8

s
10
6	3.40573	3.195
6	6.05462	5.68
6	13.1011	12.7552
4	1.72784	1.5876
2	-0.913077	-0.907898
5	-0.613427	-0.581502
5	1	0.8

SS
15
10	4.152	3.96
10	7.38132	7.04
10	10.7349	9.6752
11	-1.01887	-1.3266
3	0.358441	0.616699
5	0.219591	0.418499
8	1	0.8

t
10
6	3.40573	3.195
6	6.05462	5.68
6	13.1011	12.7552
4	1.72784	1.5876
2	-0.913077	-0.907898
5	-0.613427	-0.581502
5	1	0.8

th
10
6	3.40573	3.195
6	6.05462	5.68
6	13.1011	12.7552
4	1.72784	1.5876
2	-0.913077	-0.907898
5	-0.613427	-0.581502
5	1	0.8

v
12
6	2.79782	2.49
6	4.97391	4.42667
6	12.1507	11.4352
6	1.91661	2.0034
4	-0.949626	-1.0129
10	-0.81386	-0.936503
6	1	0.8

w
12
6	2.79782	2.49
6	4.97391	4.42667
6	12.1507	11.4352
6	-1.37661	-2.3166
4	0.310373	0.387101
10	0.33614	0.463497
6	1	0.8

z
10
6	3.40573	3.195
6	6.05462	5.68
6	13.1011	12.7552
4	1.72784	1.5876
2	-0.913077	-0.907898
5	-0.613427	-0.581502
5	1	0.8
