
#
40
30	5.14305	4.47
30	9.14319	7.94667
30	16.7945	15.8352
26	1.66047	1.5246
20	-0.697442	-0.536899
25	-0.312538	-0.3815
20	1	0.8

b
40
20	4.54305	4.17
20	8.07653	7.41333
20	15.1945	14.2352
26	1.84953	1.9854
20	-0.494442	-0.557899
25	-0.247538	-0.2615
20	1	0.8

tS
35
15	5.75872	5.52
15	10.2377	9.81333
15	19.249	17.5152
16	-1.28887	-1.7766
17	0.14521	0.345103
13	0.103073	0.383499
18	1	0.8

d
35
15	5.27074	5.04
15	9.3702	8.96
15	17.0346	15.2752
16	1.92447	1.7334
17	-1.05099	-0.984897
13	-0.692533	-0.616503
18	1	0.8

f
60
35	4.98509	2.76
35	8.86239	4.90667
35	15.675	12.1552
15	2.08788	2.1834
33	-1.09403	-1.1319
25	-0.997252	-1.2565
30	1	0.8

g
25
11	5.10559	4.98
11	9.07661	8.85333
11	16.8205	16.2352
8	2.30041	2.4084
12	-1.05099	-0.984897
13	-0.692533	-0.616503
13	1	0.8

k
25
11	5.10559	4.98
11	9.07661	8.85333
11	16.8205	16.2352
8	2.30041	2.4084
12	-1.05099	-0.984897
13	-0.692533	-0.616503
13	1	0.8

l
50
21	6.54154	5.4
21	11.6294	9.6
21	20.1527	16.9552
18	2.39041	2.4984
20	-1.05099	-0.984897
20	-0.692533	-0.616503
25	1	0.8

m
40
20	4.54305	4.17
20	8.07653	7.41333
20	15.1945	14.2352
26	1.84953	1.9854
20	-0.494442	-0.557899
25	-0.247538	-0.2615
20	1	0.8

n
25
11	5.10559	4.98
11	9.07661	8.85333
11	16.8205	16.2352
8	2.30041	2.4084
12	-1.05099	-0.984897
13	-0.692533	-0.616503
13	1	0.8

p
40
20	4.54305	4.17
20	8.07653	7.41333
20	15.1945	14.2352
26	1.84953	1.9854
20	-0.494442	-0.557899
25	-0.247538	-0.2615
20	1	0.8

r
25
11	5.10559	4.98
11	9.07661	8.85333
11	16.8205	16.2352
8	2.30041	2.4084
12	-1.05099	-0.984897
13	-0.692533	-0.616503
13	1	0.8

s
35
15	5.27074	5.04
15	9.3702	8.96
15	17.0346	15.2752
16	1.92447	1.7334
17	-1.05099	-0.984897
13	-0.692533	-0.616503
18	1	0.8

SS
35
15	5.75872	5.52
15	10.2377	9.81333
15	19.249	17.5152
16	-1.28887	-1.7766
17	0.14521	0.345103
13	0.103073	0.383499
18	1	0.8

t
35
15	5.27074	5.04
15	9.3702	8.96
15	17.0346	15.2752
16	1.92447	1.7334
17	-1.05099	-0.984897
13	-0.692533	-0.616503
18	1	0.8

th
35
15	5.27074	5.04
15	9.3702	8.96
15	17.0346	15.2752
16	1.92447	1.7334
17	-1.05099	-0.984897
13	-0.692533	-0.616503
18	1	0.8

v
60
35	4.98509	2.76
35	8.86239	4.90667
35	15.675	12.1552
15	2.08788	2.1834
33	-1.09403	-1.1319
25	-0.997252	-1.2565
30	1	0.8

w
60
35	4.98509	2.76
35	8.86239	4.90667
35	15.675	12.1552
15	-1.72788	-1.8666
33	0.165974	0.478099
25	0.402748	0.693497
30	1	0.8

z
35
15	5.27074	5.04
15	9.3702	8.96
15	17.0346	15.2752
16	1.02447	0.8334
17	-1.05099	-0.984897
13	-0.692533	-0.616503
18	1	0.8
