
#
44
16	5.65749	4.3725
16	10.0578	7.77333
16	18.7584	15.1952
31	-0.902569	-0.81
27	0.75109	0.6146
39	0.455003	0.397501
22	1	0.8

b
44
22	4.60749	4.3725
22	8.1911	7.77333
22	16.3584	14.3952
31	-1.23804	-1.26
27	0.82109	0.859601
39	0.555004	0.611174
22	1	0.8

tS
34
10	6.32955	5.0985
10	11.2525	9.064
8	19.0824	16.0352
10	-2.12001	-2.4291
8	1.56433	1.4686
15	1.04387	1.1285
17	1	0.8

d
33
15	5.83277	5.055
15	10.3694	8.98667
15	17.454	15.2552
24	-1.20315	-1.0791
20	0.752394	0.884103
22	0.516331	0.555997
17	1	0.8

f
40
18	5.81031	4.66215
18	10.3294	8.28827
18	17.6045	14.5108
18	-1.08708	-1.1916
32	0.328797	0.436103
30	-0.0747035	-0.201502
20	1	0.8

g
40
20	6.42012	4.9725
20	11.4135	8.84
20	20.1363	16.7152
20	-1.19991	-1.1385
25	0.60237	0.534101
32	0.582055	0.5435
20	1	0.8

k
40
20	6.42012	4.9725
20	11.4135	8.84
20	20.1363	16.7152
20	-1.19991	-1.1385
25	0.60237	0.534101
32	0.582055	0.5435
20	1	0.8

l
35
13	6.77498	6.195
13	12.0444	11.0133
10	20.6388	15.5952
17	-1.13152	-1.1241
25	0.632679	0.639102
25	0.457056	0.455997
18	1	0.8

m
44
22	4.60749	4.3725
22	8.1911	7.77333
22	16.3584	14.3952
31	-1.23804	-1.26
27	0.82109	0.859601
39	0.555004	0.611174
22	1	0.8

n
40
20	6.42012	4.9725
20	11.4135	8.84
20	20.1363	16.7152
20	-1.19991	-1.1385
25	0.60237	0.534101
32	0.582055	0.5435
20	1	0.8

p
44
22	4.60749	4.3725
22	8.1911	7.77333
22	16.3584	14.3952
31	-1.23804	-1.26
27	0.82109	0.859601
39	0.555004	0.611174
22	1	0.8

r
40
20	6.42012	4.9725
20	11.4135	8.84
20	20.1363	16.7152
20	-1.19991	-1.1385
25	0.60237	0.534101
32	0.582055	0.5435
20	1	0.8

s
33
15	5.83277	5.055
15	10.3694	8.98667
15	17.454	15.2552
24	-1.20315	-1.0791
20	0.752394	0.884103
22	0.516331	0.555997
17	1	0.8

SS
34
20	6.32955	5.0985
20	11.2525	9.064
20	19.0824	16.0352
10	-2.12001	-2.4291
8	0.794333	1.1536
15	0.593874	0.803497
17	1	0.8

t
33
15	5.83277	5.055
15	10.3694	8.98667
15	17.454	15.2552
24	-1.20315	-1.0791
20	0.752394	0.884103
22	0.516331	0.555997
17	1	0.8

th
33
15	5.83277	5.055
15	10.3694	8.98667
15	17.454	15.2552
24	-1.20315	-1.0791
20	0.752394	0.884103
22	0.516331	0.555997
17	1	0.8

v
40
18	5.81031	4.66215
18	10.3294	8.28827
18	17.6045	14.5108
18	-1.08708	-1.1916
32	0.328797	0.436103
30	-0.0747035	-0.201502
20	1	0.8

w
40
8	5.81031	4.66215
8	10.3294	8.28827
8	17.6045	14.5108
18	-3.11208	-3.3066
32	1.18208	1.3251
30	0.800296	0.973499
20	1	0.8

z
33
15	5.83277	5.055
15	10.3694	8.98667
15	17.454	15.2552
24	-1.20315	-1.0791
20	0.752394	0.884103
22	0.516331	0.555997
17	1	0.8
