
#
16
8	3.42822	2.895
8	6.09461	5.14667
10	11.8554	7.9552
9	-0.725693	-0.697499
10	0.647326	0.628601
11	0.425366	0.365
8	1	0.8

b
16
8	3.12822	2.595
8	5.56127	4.61333
8	11.0554	7.1552
9	-1.22069	-1.1925
10	0.731326	0.768602
11	0.475367	0.520001
8	1	0.8

tS
20
10	3.42238	3.3801
10	6.08423	6.00907
10	10.3428	9.9192
15	-1.77384	-2.0916
10	1.32806	1.4931
13	0.932715	1.0435
10	1	0.8

d
14
8	3.89225	3.7065
8	6.91956	6.58933
8	12.1087	11.4752
9	-0.921145	-1.0116
5	0.709688	0.7896
5	0.447101	0.518499
7	1	0.8

f
15
9	3.61901	3.3
9	6.43379	5.86667
9	12.3048	11.7352
10	-0.974635	-1.1691
8	0.334756	0.439601
8	0.0074765	-0.246502
8	1	0.8

g
15
7	4.10347	4.0185
7	7.29506	7.144
7	13.1296	13.2752
9	-1.02109	-1.08
12	0.67636	0.565603
13	0.701902	0.513498
8	1	0.8

k
15
7	4.10347	4.0185
7	7.29506	7.144
7	13.1296	13.2752
9	-1.02109	-1.08
12	0.67636	0.565603
13	0.701902	0.513498
8	1	0.8

l
30
8	4.67472	4.635
8	8.31062	8.24
12	14.4057	14.2192
15	-1.10183	-1.1466
10	0.64136	0.670602
10	0.451902	0.488497
15	1	0.8

m
16
8	3.12822	2.595
8	5.56127	4.61333
8	11.0554	7.1552
9	-1.22069	-1.1925
10	0.731326	0.768602
11	0.475367	0.520001
8	1	0.8

n
15
7	4.10347	4.0185
7	7.29506	7.144
7	13.1296	13.2752
9	-1.02109	-1.08
12	0.67636	0.565603
13	0.701902	0.513498
8	1	0.8

p
16
8	3.42822	2.895
8	6.09461	5.14667
8	11.4554	9.9552
9	-1.22069	-1.1925
10	0.731326	0.768602
11	0.475367	0.520001
8	1	0.8

r
15
7	4.10347	4.0185
7	7.29506	7.144
7	13.1296	13.2752
9	-1.02109	-1.08
12	0.67636	0.565603
13	0.701902	0.513498
8	1	0.8

s
14
8	3.89225	3.7065
8	6.91956	6.58933
8	12.1087	11.4752
9	-0.921145	-1.0116
5	0.709688	0.7896
5	0.447101	0.518499
7	1	0.8

SS
20
10	3.42238	3.3801
10	6.08423	6.00907
10	10.3428	9.9192
15	-1.77384	-2.0916
10	1.43306	1.4231
13	1.43271	1.4935
10	1	0.8

t
14
8	3.89225	3.7065
8	6.91956	6.58933
8	12.1087	11.4752
9	-0.921145	-1.0116
5	0.709688	0.7896
5	0.447101	0.518499
7	1	0.8

th
14
8	3.89225	3.7065
8	6.91956	6.58933
8	12.1087	11.4752
9	-0.921145	-1.0116
5	0.709688	0.7896
5	0.447101	0.518499
7	1	0.8

v
15
9	3.61901	3.3
9	6.43379	5.86667
9	12.3048	11.7352
10	-0.974635	-1.1691
8	0.334756	0.439601
8	0.0074765	-0.246502
8	1	0.8

w
15
8	3.61901	3.3
8	6.43379	5.86667
11	12.3048	11.7352
10	-2.87367	-3.1041
8	1.21167	1.3685
13	0.832478	0.953498
8	1	0.8

z
14
8	3.89225	3.7065
8	6.91956	6.58933
8	12.1087	11.4752
9	-0.921145	-1.0116
5	0.709688	0.7896
5	0.447101	0.518499
7	1	0.8
