
#
16
8	2.979	2.64
8	5.29601	4.69333
10	9.66532	9.2752
9	-2.35582	-2.0916
10	1.39712	1.2831
11	0.961046	0.818497
8	1	0.8

b
16
8	2.979	2.64
8	5.29601	4.69333
8	9.66532	9.2752
9	-3.34582	-3.4416
10	1.60712	1.6331
11	1.06105	1.1185
8	1	0.8

tS
20
10	2.90772	2.844
10	5.16929	5.056
10	6.1502	5.6032
15	-2.4425	-2.9016
10	2.47408	2.5431
13	1.73341	1.7685
10	1	0.8

d
14
8	3.264	3.213
8	5.80267	5.712
8	8.8752	8.3952
9	-2.8566	-3.1266
5	1.7311	1.7661
5	1.0435	1.1185
7	1	0.8

f
15
9	3.12706	2.97
9	5.55922	5.28
9	8.93629	8.5952
10	-3.2633	-3.5316
8	0.848041	0.968101
8	0.948677	0.5635
8	1	0.8

g
15
7	3.21159	3.207
7	5.70949	5.70133
7	8.79298	10.0752
9	-2.8566	-3.1266
12	1.53019	1.2691
13	1.46705	1.0585
8	1	0.8

k
15
7	3.21159	3.207
7	5.70949	5.70133
7	8.79298	10.0752
9	-2.8566	-3.1266
12	1.53019	1.2691
13	1.46705	1.0585
8	1	0.8

l
30
8	3.85944	3.84
8	6.86123	6.82667
12	10.7361	10.5232
15	-3.39707	-3.5766
10	1.46019	1.4791
10	0.967049	1.0085
15	1	0.8

m
16
8	2.979	2.64
8	5.29601	4.69333
8	9.66532	9.2752
9	-3.34582	-3.4416
10	1.60712	1.6331
11	1.06105	1.1185
8	1	0.8

n
15
7	3.21159	3.207
7	5.70949	5.70133
7	8.79298	10.0752
9	-2.8566	-3.1266
12	1.53019	1.2691
13	1.46705	1.0585
8	1	0.8

p
16
8	2.979	2.64
8	5.29601	4.69333
8	9.66532	9.2752
9	-3.34582	-3.4416
10	1.60712	1.6331
11	1.06105	1.1185
8	1	0.8

r
15
7	3.21159	3.207
7	5.70949	5.70133
7	8.79298	10.0752
9	-2.8566	-3.1266
12	1.53019	1.2691
13	1.46705	1.0585
8	1	0.8

s
14
8	3.264	3.213
8	5.80267	5.712
8	8.8752	8.3952
9	-2.8566	-3.1266
5	1.7311	1.7661
5	1.0435	1.1185
7	1	0.8

SS
20
10	2.90772	2.844
10	5.16929	5.056
10	6.1502	5.6032
15	-2.4425	-2.9016
10	2.68408	2.4031
13	2.73341	2.6685
10	1	0.8

t
14
8	3.264	3.213
8	5.80267	5.712
8	8.8752	8.3952
9	-2.8566	-3.1266
5	1.7311	1.7661
5	1.0435	1.1185
7	1	0.8

th
14
8	3.264	3.213
8	5.80267	5.712
8	8.8752	8.3952
9	-2.8566	-3.1266
5	1.7311	1.7661
5	1.0435	1.1185
7	1	0.8

v
15
9	3.12706	2.97
9	5.55922	5.28
9	8.93629	8.5952
10	-3.2633	-3.5316
8	0.848041	0.968101
8	0.948677	0.5635
8	1	0.8

w
15
8	3.12706	2.97
8	5.55922	5.28
11	8.93629	8.5952
10	-3.7133	-3.8016
8	2.03804	2.1581
13	1.44868	1.4635
8	1	0.8

z
14
8	3.264	3.213
8	5.80267	5.712
8	8.8752	8.3952
9	-2.8566	-3.1266
5	1.7311	1.7661
5	1.0435	1.1185
7	1	0.8
