
#
44
16	4.61862	4.245
16	8.21088	7.54667
16	14.6022	12.1552
31	-2.79514	-2.5866
27	1.65235	1.3531
39	1.03468	0.8685
22	1	0.8

b
44
22	3.11862	3.645
22	5.54421	6.48
22	13.0022	11.3552
31	-3.60514	-3.7566
27	1.79235	1.8431
39	1.23468	1.29585
22	1	0.8

tS
34
10	4.08331	2.787
10	7.25921	4.95467
8	12.7706	9.1952
10	-2.93632	-3.3066
8	2.81045	2.8931
15	1.8692	1.9135
17	1	0.8

d
33
15	3.5427	3.3
15	6.29814	5.86667
15	9.52565	8.9152
24	-3.61887	-3.4866
20	1.90753	1.9831
22	1.18705	1.2185
17	1	0.8

f
40
18	4.26728	3.54
18	7.58628	6.29333
18	12.9186	10.1552
18	-3.61615	-3.7566
32	0.915876	1.0381
30	0.964275	0.893498
20	1	0.8

g
40
20	4.24555	2.445
20	7.54764	4.34667
20	13.7138	9.5952
20	-3.43887	-3.5136
25	1.46748	1.3531
32	1.2685	1.2435
20	1	0.8

k
40
20	4.24555	2.445
20	7.54764	4.34667
20	13.7138	9.5952
20	-3.43887	-3.5136
25	1.46748	1.3531
32	1.2685	1.2435
20	1	0.8

l
35
13	4.45995	4.08
13	7.9288	7.25333
10	13.8423	11.1952
17	-3.56561	-3.6666
25	1.5281	1.5631
25	1.0185	1.0685
18	1	0.8

m
44
22	3.11862	3.645
22	5.54421	6.48
22	13.0022	11.3552
31	-3.60514	-3.7566
27	1.79235	1.8431
39	1.23468	1.29585
22	1	0.8

n
40
20	4.24555	2.445
20	7.54764	4.34667
20	13.7138	9.5952
20	-3.43887	-3.5136
25	1.46748	1.3531
32	1.2685	1.2435
20	1	0.8

p
44
22	3.11862	3.645
22	5.54421	6.48
22	13.0022	11.3552
31	-3.60514	-3.7566
27	1.79235	1.8431
39	1.23468	1.29585
22	1	0.8

r
40
20	4.24555	2.445
20	7.54764	4.34667
20	13.7138	9.5952
20	-3.43887	-3.5136
25	1.46748	1.3531
32	1.2685	1.2435
20	1	0.8

s
33
15	3.5427	3.3
15	6.29814	5.86667
15	9.52565	8.9152
24	-3.61887	-3.4866
20	1.90753	1.9831
22	1.18705	1.2185
17	1	0.8

SS
34
20	4.08331	2.787
20	7.25921	4.95467
20	12.7706	9.1952
10	-2.93632	-3.3066
8	1.27045	2.2631
15	0.9692	1.2635
17	1	0.8

t
33
15	3.5427	3.3
15	6.29814	5.86667
15	9.52565	8.9152
24	-3.61887	-3.4866
20	1.90753	1.9831
22	1.18705	1.2185
17	1	0.8

th
33
15	3.5427	3.3
15	6.29814	5.86667
15	9.52565	8.9152
24	-3.61887	-3.4866
20	1.90753	1.9831
22	1.18705	1.2185
17	1	0.8

v
40
18	4.26728	3.54
18	7.58628	6.29333
18	12.9186	10.1552
18	-3.61615	-3.7566
32	0.915876	1.0381
30	0.964275	0.893498
20	1	0.8

w
40
8	4.26728	3.54
8	7.58628	6.29333
8	12.9186	10.1552
18	-3.79615	-3.9366
32	2.10588	2.2281
30	1.46428	1.5435
20	1	0.8

z
33
15	3.5427	3.3
15	6.29814	5.86667
15	9.52565	8.9152
24	-3.61887	-3.4866
20	1.90753	1.9831
22	1.18705	1.2185
17	1	0.8
