
#
16
8	3.24853	2.793
8	5.77517	4.96533
10	10.9793	8.4832
9	-2.35582	-2.0916
10	1.39712	1.2831
11	0.961046	0.818497
8	1	0.8

b
16
8	3.06853	2.613
8	5.45517	4.64533
8	10.4993	8.0032
9	-3.34582	-3.4416
10	1.60712	1.6331
11	1.06105	1.1185
8	1	0.8

tS
20
10	3.21652	3.16566
10	5.71825	5.62784
10	8.66576	8.1928
15	-2.4425	-2.9016
10	2.47408	2.5431
13	1.73341	1.7685
10	1	0.8

d
14
8	3.64095	3.5091
8	6.4728	6.2384
8	10.8153	10.2432
9	-2.8566	-3.1266
5	1.7311	1.7661
5	1.0435	1.1185
7	1	0.8

f
15
9	3.42223	3.168
9	6.08396	5.632
9	10.9574	10.4792
10	-3.2633	-3.5316
8	0.848041	0.968101
8	0.948677	0.5635
8	1	0.8

g
15
7	3.74672	3.6939
7	6.66084	6.56693
7	11.395	11.9952
9	-2.8566	-3.1266
12	1.53019	1.2691
13	1.46705	1.0585
8	1	0.8

k
15
7	3.74672	3.6939
7	6.66084	6.56693
7	11.395	11.9952
9	-2.8566	-3.1266
12	1.53019	1.2691
13	1.46705	1.0585
8	1	0.8

l
30
8	4.34861	4.317
8	7.73086	7.67467
12	12.9379	12.7408
15	-3.39707	-3.5766
10	1.46019	1.4791
10	0.967049	1.0085
15	1	0.8

m
16
8	3.06853	2.613
8	5.45517	4.64533
8	10.4993	8.0032
9	-3.34582	-3.4416
10	1.60712	1.6331
11	1.06105	1.1185
8	1	0.8

n
15
7	3.74672	3.6939
7	6.66084	6.56693
7	11.395	11.9952
9	-2.8566	-3.1266
12	1.53019	1.2691
13	1.46705	1.0585
8	1	0.8

p
16
8	3.24853	2.793
8	5.77517	4.96533
8	10.7393	9.6832
9	-3.34582	-3.4416
10	1.60712	1.6331
11	1.06105	1.1185
8	1	0.8

r
15
7	3.74672	3.6939
7	6.66084	6.56693
7	11.395	11.9952
9	-2.8566	-3.1266
12	1.53019	1.2691
13	1.46705	1.0585
8	1	0.8

s
14
8	3.64095	3.5091
8	6.4728	6.2384
8	10.8153	10.2432
9	-2.8566	-3.1266
5	1.7311	1.7661
5	1.0435	1.1185
7	1	0.8

SS
20
10	3.21652	3.16566
10	5.71825	5.62784
10	8.66576	8.1928
15	-2.4425	-2.9016
10	2.68408	2.4031
13	2.73341	2.6685
10	1	0.8

t
14
8	3.64095	3.5091
8	6.4728	6.2384
8	10.8153	10.2432
9	-2.8566	-3.1266
5	1.7311	1.7661
5	1.0435	1.1185
7	1	0.8

th
14
8	3.64095	3.5091
8	6.4728	6.2384
8	10.8153	10.2432
9	-2.8566	-3.1266
5	1.7311	1.7661
5	1.0435	1.1185
7	1	0.8

v
15
9	3.42223	3.168
9	6.08396	5.632
9	10.9574	10.4792
10	-3.2633	-3.5316
8	0.848041	0.968101
8	0.948677	0.5635
8	1	0.8

w
15
8	3.42223	3.168
8	6.08396	5.632
11	10.9574	10.4792
10	-3.7133	-3.8016
8	2.03804	2.1581
13	1.44868	1.4635
8	1	0.8

z
14
8	3.64095	3.5091
8	6.4728	6.2384
8	10.8153	10.2432
9	-2.8566	-3.1266
5	1.7311	1.7661
5	1.0435	1.1185
7	1	0.8
