
#
10
5	7.75485	6.3
5	5.51456	4.48
5	10.9554	5.17546
4	1.71842	1.32354
7	-0.0819756	-0.0207186
7	-0.088251	-0.070797
5	99	79.2

b
10
5	3.93291	3.06
5	2.79674	2.176
5	5.82444	2.35647
4	1.54657	1.80678
7	-0.115576	-0.0767186
7	-0.088251	-0.0627975
5	55	44

tS
20
10	5.51185	5.48268
10	3.91954	3.8988
10	7.93634	7.77242
5	-0.646303	-0.749474
5	0.145627	0.354481
5	0.105618	0.254797
5	77	61.6

d
12
7	9.041	8.4
7	6.42916	5.97333
7	11.9669	11.3531
10	1.92719	2.09647
8	-0.249381	-0.14952
8	-0.119435	-0.065201
6	88	70.4

f
18
9	5.75533	5.082
9	4.09268	3.61387
9	8.55762	8.12186
10	2.247	2.04072
2	-0.142824	-0.07112
13	-0.746979	-0.845203
9	66	52.8

g
14
7	9.99071	9.66
7	7.10451	6.86933
7	13.6237	12.8507
9	1.54741	1.83654
8	-0.141977	-0.110319
8	-0.0505955	-0.025202
7	99	79.2

k
14
7	9.99071	9.66
7	7.10451	6.86933
7	13.6237	12.8507
9	1.54741	1.83654
8	-0.141977	-0.110319
8	-0.0505955	-0.025202
7	99	79.2

l
20
10	10.98	10.86
10	7.808	7.72267
10	14.0987	13.9739
7	2.26746	2.43846
14	-0.141977	-0.110319
14	-0.0505955	-0.025202
10	110	88

m
10
5	3.93291	3.06
5	2.79674	2.176
5	5.82444	2.35647
4	1.54657	1.80678
7	-0.115576	-0.0767186
7	-0.088251	-0.0627975
5	55	44

n
14
7	9.99071	9.66
7	7.10451	6.86933
7	13.6237	12.8507
9	1.54741	1.83654
8	-0.141977	-0.110319
8	-0.0505955	-0.025202
7	99	79.2

p
10
5	4.65291	3.78
5	3.30874	2.688
5	6.19884	4.97727
4	1.54657	1.80678
7	-0.115576	-0.0767186
7	-0.088251	-0.0627975
5	55	44

r
14
7	9.99071	9.66
7	7.10451	6.86933
7	13.6237	12.8507
9	1.54741	1.83654
8	-0.141977	-0.110319
8	-0.0505955	-0.025202
7	99	79.2

s
12
7	9.041	8.4
7	6.42916	5.97333
7	11.9669	11.3531
10	1.92719	2.09647
8	-0.249381	-0.14952
4	-0.119435	-0.065201
6	88	70.4

SS
20
10	5.51185	5.48268
10	3.91954	3.8988
10	7.93634	7.77242
5	-0.646303	-0.749474
5	0.145627	0.354481
5	0.105618	0.254797
10	77	61.6

t
12
7	9.041	8.4
7	6.42916	5.97333
7	11.9669	11.3531
10	1.92719	2.09647
8	-0.249381	-0.14952
4	-0.119435	-0.065201
6	88	70.4

th
12
7	9.041	8.4
7	6.42916	5.97333
7	11.9669	11.3531
10	1.92719	2.09647
8	-0.249381	-0.14952
4	-0.119435	-0.065201
6	88	70.4

v
18
9	5.75533	5.082
9	4.09268	3.61387
9	8.55762	8.12186
10	2.247	2.04072
2	-0.142824	-0.07112
13	-0.746979	-0.845203
9	66	52.8

w
18
9	5.75533	5.082
9	4.09268	3.61387
9	8.55762	8.12186
10	-1.18949	-1.40737
2	0.308232	0.46312
13	0.173021	0.354797
9	77	61.6

z
12
7	9.041	8.4
7	6.42916	5.97333
7	11.9669	11.3531
10	1.92719	2.09647
8	-0.249381	-0.14952
4	-0.119435	-0.065201
6	88	70.4
