
#
50
25	13.3927	9
25	9.52372	6.4
25	17.8734	14.2235
20	1.881	1.83654
35	-0.120137	-0.0991193
35	-0.0997345	-0.0587985
25	99	79.2

b
50
25	7.31564	6.12
25	5.20223	4.352
25	9.22644	8.15967
20	1.93068	2.11458
35	-0.120137	-0.0991193
35	-0.0997345	-0.0587985
25	55	44

tS
35
18	12.0061	10.374
18	8.53767	7.37707
18	13.8653	12.4899
5	-0.762397	-0.907368
18	0.254575	0.0352828
18	0.174838	0.274799
18	77	61.6

d
50
30	16.2457	13.62
30	11.5525	9.68534
30	19.7983	16.8443
15	2.30388	2.52396
40	-0.322195	-0.171918
40	-0.123509	-0.085201
25	88	70.4

f
50
30	10.2947	8.09802
30	7.32066	5.75859
30	12.1706	10.3011
16	2.46582	2.34851
36	-0.206625	-0.132718
13	-0.890945	-1.0372
25	66	52.8

g
50
25	17.1894	15
25	12.2236	10.6667
25	20.7158	18.5915
20	1.9742	2.34954
25	-0.210195	-0.227918
25	-0.0835095	-0.125201
25	99	79.2

k
50
25	17.1894	15
25	12.2236	10.6667
25	20.7158	18.5915
20	1.9742	2.34954
25	-0.210195	-0.227918
25	-0.0835095	-0.125201
25	99	79.2

l
46
23	18.18	16.62
23	12.928	11.8187
23	21.3995	15.5963
20	2.47488	2.69496
21	-0.210195	-0.227918
21	-0.0835095	-0.125201
23	110	88

m
50
25	7.31564	6.12
25	5.20223	4.352
25	9.22644	8.15967
20	1.93068	2.11458
35	-0.120137	-0.0991193
35	-0.0997345	-0.0587985
25	55	44

n
50
25	17.1894	15
25	12.2236	10.6667
25	20.7158	18.5915
20	1.9742	2.34954
25	-0.210195	-0.227918
25	-0.0835095	-0.125201
25	99	79.2

p
50
25	7.31564	6.12
25	5.20223	4.352
25	9.22644	8.15967
20	1.93068	2.11458
35	-0.120137	-0.0991193
35	-0.0997345	-0.0587985
25	55	44

r
50
25	17.1894	15
25	12.2236	10.6667
25	20.7158	18.5915
20	1.9742	2.34954
25	-0.210195	-0.227918
25	-0.0835095	-0.125201
25	99	79.2

s
50
30	16.2457	13.62
30	11.5525	9.68534
30	19.7983	16.8443
15	2.30388	2.52396
40	-0.322195	-0.171918
40	-0.123509	-0.085201
25	88	70.4

SS
35
18	12.0061	10.374
18	8.53767	7.37707
18	13.8653	12.4899
5	-0.762397	-0.907368
18	0.254575	0.0352828
18	0.174838	0.274799
18	77	61.6

t
50
30	16.2457	13.62
30	11.5525	9.68534
30	19.7983	16.8443
15	2.30388	2.52396
40	-0.322195	-0.171918
40	-0.123509	-0.085201
25	88	70.4

th
50
30	16.2457	13.62
30	11.5525	9.68534
30	19.7983	16.8443
15	2.30388	2.52396
40	-0.322195	-0.171918
40	-0.123509	-0.085201
25	88	70.4

v
50
30	10.2947	8.09802
30	7.32066	5.75859
30	12.1706	10.3011
16	2.46582	2.34851
36	-0.206625	-0.132718
13	-0.890945	-1.0372
25	66	52.8

w
50
30	10.2947	8.09802
30	7.32066	5.75859
30	12.1706	10.3011
16	-1.41988	-1.56526
36	0.206625	0.337682
13	0.109054	0.3228
25	77	61.6

z
50
30	16.2457	13.62
30	11.5525	9.68534
30	19.7983	16.8443
15	2.30388	2.52396
40	-0.322195	-0.171918
40	-0.123509	-0.085201
25	88	70.4
