
# a
10
5	0.072
5	0.0256
5	0.02496
5	0.135338
5	0.056
5	0.04
5	0.004545

# e
10
5	0.072
5	0.0256
5	0.02496
5	0.135338
5	0.056
5	0.04
5	0.004545

# i
10
5	0.072
5	0.0256
5	0.02496
5	0.135338
5	0.056
5	0.04
5	0.004545

# o
10
5	0.072
5	0.0256
5	0.02496
5	0.135338
5	0.056
5	0.04
5	0.004545

# u
10
5	0.072
5	0.0256
5	0.02496
5	0.135338
5	0.056
5	0.04
5	0.004545

# y
10
5	0.072
5	0.0256
5	0.02496
5	0.135338
5	0.056
5	0.04
5	0.004545

b a
15
8	-1.125
8	-1.152
8	1.53279
9	2.13545
7	-0.0375207
7	-0.014799
8	33

b e
14
7	-1.07927
7	-1.10517
7	1.36458
11	2.52765
5	-0.457521
5	-0.220001
7	33

b i
14
7	-1.03353
7	-1.05834
7	1.19638
11	2.91985
5	-0.877521
5	-0.425202
7	33

b o
16
8	-0.713331
8	-0.73045
8	1.9314
10	-0.878775
6	0.522479
6	0.54
8	49.5

b u
16
8	-0.301661
8	-0.308901
8	2.33002
10	-2.96477
6	1.08248
6	1.0948
8	66

b y
16
8	-0.667597
8	-0.68362
8	1.7632
10	-2.96477
6	1.08248
6	1.0948
8	66

tS a
20
10	4.84095
10	3.44245
10	6.17977
10	-1.08904
9	1.18206
9	0.763925
10	66

tS e
14
6	5.10581
6	3.6308
6	5.85389
8	-1.10927
8	0.951654
8	0.629799
7	66

tS i
14
6	5.37068
6	3.81915
6	5.52801
8	-1.12949
8	0.721247
8	0.495673
7	66

tS o
10
4	4.98545
4	3.54521
4	5.48701
5	-1.48573
4	1.82695
5	1.16936
5	66

tS u
10
4	5.12996
4	3.64797
4	4.79426
5	-1.88242
4	2.47183
5	1.5748
5	66

tS y
10
4	5.25032
4	3.73356
4	5.16113
5	-1.88242
4	2.47183
5	1.5748
5	66

d a
12
6	4.92991
6	3.50571
6	7.67056
5	2.58158
8	-0.117909
8	-0.040325
6	77

d e
10
5	4.28553
5	3.04749
5	6.89553
3	3.22162
5	-0.350316
5	-0.225533
5	77

d i
10
5	3.64115
5	2.58926
5	6.1205
3	3.86167
5	-0.582723
5	-0.410742
5	77

d o
17
7	5.23633
7	3.72361
7	6.7668
14	-0.618119
11	0.773198
11	0.487237
8	77

d u
17
7	5.54275
7	3.94151
7	4.61504
14	-1.95136
11	1.66431
11	1.0148
8	77

d y
17
7	4.59195
7	3.26539
7	5.36777
14	-1.95136
11	1.66431
11	1.0148
8	77

f a
21
12	0.274608
12	0.195277
12	3.5151
11	1.93298
14	-0.0427014
4	-1.84032
11	44

f e
14
7	0.038826
7	0.0276096
5	3.61966
6	2.26916
10	-0.320111
2	-1.88325
7	44

f i
14
7	-0.100488
7	-0.140058
5	3.72423
6	2.60533
10	-0.597521
2	-1.92618
7	44

f o
15
8	0.993333
8	0.70637
8	3.32655
11	-0.985764
10	0.407889
6	-1.19628
8	44

f u
15
8	1.71206
8	1.21746
8	3.13799
11	-3.4589
10	0.858479
6	-0.552234
8	44

f y
15
8	0.757551
8	0.538702
8	3.43111
11	-3.4589
10	0.858479
6	-0.552234
8	44

g a
8
4	7.6386
4	5.4319
4	10.5757
4	2.50571
3	-0.325109
3	-0.192325
4	88

g e
10
6	7.30464
6	5.19441
6	10.1723
7	3.59213
7	-0.702792
7	-0.451324
5	88

g i
10
6	6.97067
6	4.95692
6	9.76881
7	4.67856
7	-1.08048
7	-0.710324
5	88

g o
15
8	6.36727
8	4.52784
8	8.33126
4	-0.611008
12	0.315752
12	0.303528
8	88

g u
15
8	5.09594
8	3.62378
8	6.08684
4	-1.91612
12	0.956613
12	0.79938
8	88

g y
15
8	6.0333
8	4.29035
8	7.92783
4	-1.91612
12	0.956613
12	0.79938
8	88

k a
8
4	7.6386
4	5.4319
4	10.5757
4	2.50571
3	-0.325109
3	-0.192325
4	88

k e
10
6	7.30464
6	5.19441
6	10.1723
7	3.59213
7	-0.702792
7	-0.451324
5	88

k i
10
6	6.97067
6	4.95692
6	9.76881
7	4.67856
7	-1.08048
7	-0.710324
5	88

k o
15
8	6.36727
8	4.52784
8	8.33126
4	-0.611008
12	0.315752
12	0.303528
8	88

k u
15
8	5.09594
8	3.62378
8	6.08684
4	-1.91612
12	0.956613
12	0.79938
8	88

k y
15
8	6.0333
8	4.29035
8	7.92783
4	-1.91612
12	0.956613
12	0.79938
8	88

l a
10
5	11.64
5	8.27733
5	14.0987
3	2.84771
3	-0.325109
3	-0.192325
5	104.5

l e
15
8	10.4307
8	7.41739
8	13.0379
6	3.84864
10	-0.702792
10	-0.451324
8	104.5

l i
15
8	9.2214
8	6.55744
8	11.9771
6	4.84956
10	-1.08048
10	-0.710324
8	104.5

l o
18
10	9.58833
10	6.81837
10	11.8211
10	-0.587325
15	0.483752
15	0.347528
9	104.5

l u
18
10	7.53666
10	5.3594
10	9.54346
10	-1.96349
15	1.29261
15	0.88738
9	104.5

l y
18
10	8.37903
10	5.95842
10	10.7603
10	-1.96349
15	1.29261
15	0.88738
9	104.5

m a
15
8	-1.02544
8	-1.05005
8	1.64001
10	0.252989
10	-0.0375207
10	-0.0252015
8	33

m e
14
7	-0.986566
7	-1.01024
7	1.74183
7	0.987921
4	-0.457521
4	-0.225202
7	33

m i
14
7	-0.947691
7	-0.970436
7	1.84365
7	1.72285
4	-0.877521
4	-0.425202
7	33

m o
16
8	-0.68091
8	-0.697253
8	2.50886
11	-0.544163
10	0.522479
10	0.334799
8	33

m u
16
8	-0.33638
8	-0.344454
8	3.37772
11	-1.23135
10	1.08248
10	0.6948
8	33

m y
16
8	-0.642035
8	-0.657445
8	2.61068
11	-1.23135
10	1.08248
10	0.6948
8	33

n a
8
4	7.6386
4	5.4319
4	10.5757
4	2.50571
3	-0.325109
3	-0.192325
4	88

n e
10
6	7.30464
6	5.19441
6	10.1723
7	3.59213
7	-0.702792
7	-0.451324
5	88

n i
10
6	6.97067
6	4.95692
6	9.76881
7	4.67856
7	-1.08048
7	-0.710324
5	88

n o
15
8	6.36727
8	4.52784
8	8.33126
4	-0.611008
12	0.315752
12	0.303528
8	88

n u
15
8	5.09594
8	3.62378
8	6.08684
4	-1.91612
12	0.956613
12	0.79938
8	88

n y
15
8	6.0333
8	4.29035
8	7.92783
4	-1.91612
12	0.956613
12	0.79938
8	88

p a
15
8	-1.24447
8	-1.27434
8	1.65408
10	0.29983
9	-0.0375207
9	-0.0252015
8	33

p e
14
7	-1.16956
7	-1.19762
7	1.38025
11	1.01134
4	-0.457521
4	-0.225202
7	33

p i
14
7	-1.09464
7	-1.12091
7	1.10643
11	1.72285
4	-0.877521
4	-0.425202
7	33

p o
16
8	-0.842354
8	-0.862571
8	2.31302
14	-0.265475
12	0.522479
12	0.374799
8	33

p u
16
8	-0.440236
8	-0.450801
8	2.97197
14	-0.70045
12	1.08248
12	0.774799
8	33

p y
16
8	-0.767436
8	-0.785855
8	2.0392
14	-0.70045
12	1.08248
12	0.774799
8	33

r a
8
4	7.6386
4	5.4319
4	10.5757
4	2.50571
3	-0.325109
3	-0.192325
4	88

r e
8
6	7.30464
6	5.19441
6	10.1723
7	3.59213
7	-0.702792
7	-0.451324
5	88

r i
10
6	6.97067
6	4.95692
6	9.76881
7	4.67856
7	-1.08048
7	-0.710324
5	88

r o
15
8	6.36727
8	4.52784
8	8.33126
4	-0.611008
12	0.315752
12	0.303528
8	88

r u
15
8	5.09594
8	3.62378
8	6.08684
4	-1.91612
12	0.956613
12	0.79938
8	88

r y
15
8	6.0333
8	4.29035
8	7.92783
4	-1.91612
12	0.956613
12	0.79938
8	88

s a
12
6	4.92991
6	3.50571
6	7.67056
5	2.58158
8	-0.117909
8	-0.040325
6	77

s e
10
5	4.28553
5	3.04749
5	6.89553
3	3.22162
5	-0.350316
5	-0.225533
5	77

s i
10
5	3.64115
5	2.58926
5	6.1205
3	3.86167
5	-0.582723
5	-0.410742
5	77

s o
20
7	5.23633
7	3.72361
7	6.7668
14	-0.618119
11	0.773198
11	0.487237
8	77

s u
17
7	5.54275
7	3.94151
7	4.61504
14	-1.95136
11	1.66431
11	1.0148
8	77

s y
20
7	4.59195
7	3.26539
7	5.36777
14	-1.95136
11	1.66431
11	1.0148
8	77

SS a
20
10	4.84095
10	3.44245
10	6.17977
10	-1.08904
9	1.18206
9	0.763925
10	66

SS e
14
7	4.80549
7	3.41724
7	6.49006
8	-1.10927
8	1.01385
8	0.742459
7	66

SS i
14
7	4.77003
7	3.39202
7	6.80035
8	-1.12949
8	0.845635
8	0.720993
7	66

SS o
10
5	4.98545
5	3.54521
5	5.48701
5	-1.48573
5	1.54695
5	0.969362
5	66

SS u
10
5	5.12996
5	3.64797
5	4.79426
5	-1.88242
5	1.91183
5	1.1748
5	66

SS y
10
5	4.94999
5	3.52
5	5.7973
5	-1.88242
5	1.91183
5	1.1748
5	66

t a
12
6	6.12991
6	4.35905
6	8.29456
5	2.58158
8	-0.117909
8	-0.040325
6	77

t e
10
5	4.88553
5	3.47415
5	7.20753
3	3.22162
5	-0.350316
5	-0.225533
5	77

t i
10
5	3.64115
5	2.58926
5	5.6213
3	3.86167
5	-0.582723
5	-0.410742
5	77

t o
16
7	5.83633
7	4.15028
7	7.0788
14	-0.618119
11	0.773198
11	0.487237
8	77

t u
17
7	5.54275
7	3.94151
7	4.61504
14	-1.95136
11	1.66431
11	1.0148
8	77

t y
16
7	4.59195
7	3.26539
7	5.36777
14	-1.95136
11	1.66431
11	1.0148
8	77

th a
12
6	4.92991
6	3.50571
6	7.67056
5	2.58158
8	-0.117909
8	-0.040325
6	77

th e
10
5	4.28553
5	3.04749
5	7.51953
3	3.22162
5	-0.350316
5	-0.225533
5	77

th i
10
5	3.64115
5	2.58926
5	7.3685
3	3.86167
5	-0.582723
5	-0.410742
5	77

th o
16
7	5.23633
7	3.72361
7	6.1428
14	-0.618119
11	0.773198
11	0.487237
8	77

th u
17
7	5.54275
7	3.94151
7	4.61504
14	-1.95136
11	1.66431
11	1.0148
8	77

th y
16
7	4.59195
7	3.26539
7	5.99177
14	-1.95136
11	1.66431
11	1.0148
8	77

v a
21
12	0.274608
12	0.195277
12	3.5151
11	1.93298
14	-0.0427014
4	-1.84032
11	44

v e
14
7	0.038826
7	0.0276096
5	3.61966
6	2.26916
10	-0.320111
2	-1.88325
7	44

v i
14
7	-0.100488
7	-0.140058
5	3.72423
6	2.60533
10	-0.597521
2	-1.92618
7	44

v o
15
8	0.993333
8	0.70637
8	3.32655
11	-0.985764
10	0.407889
6	-1.19628
8	44

v u
15
8	1.71206
8	1.21746
8	3.13799
11	-3.4589
10	0.858479
6	-0.552234
8	44

v y
15
8	0.757551
8	0.538702
8	3.43111
11	-3.4589
10	0.858479
6	-0.552234
8	44

w a
18
9	4.72575
9	3.36053
9	5.63091
9	-1.73955
2	0.563986
2	0.509054
9	66

w e
14
7	3.66215
7	2.60419
7	5.19418
9	-1.60326
7	0.515233
7	0.475646
7	66

w i
14
7	2.59855
7	1.84786
7	4.75746
9	-1.46697
7	0.46648
7	0.442237
7	66

w o
15
8	3.69653
8	2.62864
8	5.15582
11	-1.95819
10	1.18968
13	0.862822
8	66

w u
15
8	2.66731
8	1.89675
8	4.68073
11	-2.17684
10	1.81536
13	1.21659
8	66

w y
15
8	2.63293
8	1.8723
8	4.71909
11	-2.17684
10	1.81536
13	1.21659
8	66

z a
12
6	4.92991
6	3.50571
6	7.67056
5	2.58158
8	-0.117909
8	-0.040325
6	77

z e
10
5	4.28553
5	3.04749
5	6.89553
3	3.22162
5	-0.350316
5	-0.225533
5	77

z i
10
5	3.64115
5	2.58926
5	6.1205
3	3.86167
5	-0.582723
5	-0.410742
5	77

z o
20
7	5.23633
7	3.72361
7	6.7668
14	-0.618119
11	0.773198
11	0.487237
8	77

z u
17
7	5.54275
7	3.94151
7	4.61504
14	-1.95136
11	1.66431
11	1.0148
8	77

z y
20
7	4.59195
7	3.26539
7	5.36777
14	-1.95136
11	1.66431
11	1.0148
8	77
