
#
14
7	7.325	5.91
7	5.20889	4.20267
7	10.2588	6.87585
9	2.34947	2.11014
2	-0.282096	-0.197119
3	-0.0833605	-0.0687985
7	99	79.2

b
14
7	3.855	3.186
7	2.74133	2.2656
7	5.68728	3.75111
9	2.20225	2.44701
2	-0.242897	-0.239119
3	-0.12489	-0.137999
7	55	44

tS
15
10	5.66232	5.51334
10	4.02654	3.9206
10	6.89879	6.52754
11	-0.621067	-0.762631
3	0.216189	0.423921
5	0.140646	0.294798
8	77	61.6

d
10
6	7.92623	7.395
6	5.63643	5.25867
6	11.0929	10.6511
4	2.60504	2.55645
5	-0.489922	-0.437919
5	-0.305088	-0.265201
5	88	70.4

f
12
6	4.83614	4.284
6	3.43903	3.0464
6	7.59596	7.18274
6	2.7622	2.73327
4	-0.451262	-0.440719
10	-0.699033	-0.797203
6	66	52.8

g
15
7	9.40831	9.21
7	6.69035	6.54933
7	12.8273	12.3827
10	2.86553	3.078
11	-0.43622	-0.418319
11	-0.270669	-0.245202
8	99	79.2

k
15
7	9.40831	9.21
7	6.69035	6.54933
7	12.8273	12.3827
10	2.86553	3.078
11	-0.43622	-0.418319
11	-0.270669	-0.245202
8	99	79.2

l
20
10	10.1326	10.026
10	7.20544	7.1296
10	12.8185	12.7727
9	3.31105	3.46446
11	-0.43622	-0.418319
11	-0.270669	-0.245202
10	110	88

m
14
7	3.855	3.186
7	2.74133	2.2656
7	5.68728	3.75111
9	2.20225	2.44701
2	-0.242897	-0.239119
3	-0.12489	-0.137999
7	55	44

n
15
7	9.40831	9.21
7	6.69035	6.54933
7	12.8273	12.3827
10	2.86553	3.078
11	-0.43622	-0.418319
11	-0.270669	-0.245202
8	99	79.2

p
14
7	4.215	3.546
7	2.99733	2.5216
7	5.87448	5.06151
9	2.20225	2.44701
2	-0.242897	-0.239119
3	-0.12489	-0.137999
7	55	44

r
15
7	9.40831	9.21
7	6.69035	6.54933
7	12.8273	12.3827
10	2.86553	3.078
11	-0.43622	-0.418319
11	-0.270669	-0.245202
8	99	79.2

s
10
6	7.92623	7.395
6	5.63643	5.25867
6	11.0929	10.6511
4	2.60504	2.55645
2	-0.489922	-0.437919
5	-0.305088	-0.265201
5	88	70.4

SS
15
10	5.66232	5.51334
10	4.02654	3.9206
10	6.89879	6.52754
11	-0.621067	-0.762631
3	0.216189	0.423921
5	0.140646	0.294798
8	77	61.6

t
10
6	7.92623	7.395
6	5.63643	5.25867
6	11.0929	10.6511
4	2.60504	2.55645
2	-0.489922	-0.437919
5	-0.305088	-0.265201
5	88	70.4

th
10
6	7.92623	7.395
6	5.63643	5.25867
6	11.0929	10.6511
4	2.60504	2.55645
2	-0.489922	-0.437919
5	-0.305088	-0.265201
5	88	70.4

v
12
6	4.83614	4.284
6	3.43903	3.0464
6	7.59596	7.18274
6	2.7622	2.73327
4	-0.451262	-0.440719
10	-0.699033	-0.797203
6	66	52.8

w
12
6	4.83614	4.284
6	3.43903	3.0464
6	7.59596	7.18274
6	-0.997266	-1.38105
4	0.278265	0.386401
10	0.220967	0.362797
6	77	61.6

z
10
6	7.92623	7.395
6	5.63643	5.25867
6	11.0929	10.6511
4	2.60504	2.55645
2	-0.489922	-0.437919
5	-0.305088	-0.265201
5	88	70.4
