
#
40
30	11.8394	8.97
30	8.41914	6.37867
30	15.4866	13.2875
26	2.51794	2.36664
20	-0.339046	-0.264319
25	-0.174883	-0.181999
20	99	79.2

b
40
20	6.38365	5.562
20	4.53948	3.9552
20	8.16874	7.41087
26	2.54669	2.75481
20	-0.257845	-0.272719
25	-0.148882	-0.133999
20	55	44

tS
35
15	10.0342	9.051
15	7.1354	6.43627
15	12.1876	11.0266
16	-0.758062	-0.973157
17	0.185371	0.155682
13	0.128649	0.290799
18	77	61.6

d
35
15	13.3936	11.85
15	9.52431	8.42667
15	16.5426	14.3795
16	2.98019	2.90871
17	-0.581494	-0.479918
13	-0.338768	-0.289201
18	88	70.4

f
60
35	8.6369	5.98101
35	6.1418	4.25316
35	10.3646	8.4689
15	3.01804	3.04106
33	-0.540922	-0.519117
25	-0.844374	-1.0212
30	66	52.8

g
25
11	13.7003	12.48
11	9.74243	8.87467
11	16.9179	15.6275
8	3.17249	3.46275
12	-0.525494	-0.507918
13	-0.318768	-0.309202
13	99	79.2

k
25
11	13.7003	12.48
11	9.74243	8.87467
11	16.9179	15.6275
8	3.17249	3.46275
12	-0.525494	-0.507918
13	-0.318768	-0.309202
13	99	79.2

l
50
21	15.6315	13.71
21	11.1158	9.74933
21	18.5593	14.4107
18	3.50833	3.72096
20	-0.525494	-0.507918
20	-0.318768	-0.309202
25	110	88

m
40
20	6.38365	5.562
20	4.53948	3.9552
20	8.16874	7.41087
26	2.54669	2.75481
20	-0.257845	-0.272719
25	-0.148882	-0.133999
20	55	44

n
25
11	13.7003	12.48
11	9.74243	8.87467
11	16.9179	15.6275
8	3.17249	3.46275
12	-0.525494	-0.507918
13	-0.318768	-0.309202
13	99	79.2

p
40
20	6.38365	5.562
20	4.53948	3.9552
20	8.16874	7.41087
26	2.54669	2.75481
20	-0.257845	-0.272719
25	-0.148882	-0.133999
20	55	44

r
25
11	13.7003	12.48
11	9.74243	8.87467
11	16.9179	15.6275
8	3.17249	3.46275
12	-0.525494	-0.507918
13	-0.318768	-0.309202
13	99	79.2

s
35
15	13.3936	11.85
15	9.52431	8.42667
15	16.5426	14.3795
16	2.98019	2.90871
17	-0.581494	-0.479918
13	-0.338768	-0.289201
18	88	70.4

SS
35
15	10.0342	9.051
15	7.1354	6.43627
15	12.1876	11.0266
16	-0.758062	-0.973157
17	0.185371	0.155682
13	0.128649	0.290799
18	77	61.6

t
35
15	13.3936	11.85
15	9.52431	8.42667
15	16.5426	14.3795
16	2.98019	2.90871
17	-0.581494	-0.479918
13	-0.338768	-0.289201
18	88	70.4

th
35
15	13.3936	11.85
15	9.52431	8.42667
15	16.5426	14.3795
16	2.98019	2.90871
17	-0.581494	-0.479918
13	-0.338768	-0.289201
18	88	70.4

v
60
35	8.6369	5.98101
35	6.1418	4.25316
35	10.3646	8.4689
15	3.01804	3.04106
33	-0.540922	-0.519117
25	-0.844374	-1.0212
30	66	52.8

w
60
35	8.6369	5.98101
35	6.1418	4.25316
35	10.3646	8.4689
15	-1.21517	-1.32842
33	0.169702	0.360081
25	0.215626	0.438798
30	77	61.6

z
35
15	13.3936	11.85
15	9.52431	8.42667
15	16.5426	14.3795
16	2.12519	2.05371
17	-0.581494	-0.479918
13	-0.338768	-0.289201
18	88	70.4
