
#
14
7	6.89515	5.52
7	4.90321	3.92533
7	9.56219	8.57625
9	2.98052	2.89674
2	-0.482217	-0.37352
3	-0.07847	-0.0668
7	99	79.2

b
14
7	3.77709	3.312
7	2.68593	2.3552
7	5.55012	5.14575
9	2.85793	3.08723
2	-0.370219	-0.401519
3	-0.16153	-0.2132
7	55	44

tS
15
10	5.81279	5.544
10	4.13354	3.9424
10	5.86125	5.28266
11	-0.595831	-0.775789
3	0.286753	0.493359
5	0.175673	0.334799
8	77	61.6

d
10
6	6.81145	6.39
6	4.8437	4.544
6	10.2189	9.94906
4	3.2829	3.01644
5	-0.730462	-0.726319
5	-0.490741	-0.465202
5	88	70.4

f
12
6	3.91695	3.486
6	2.78539	2.47893
6	6.6343	6.24362
6	3.27741	3.42582
4	-0.759701	-0.810319
10	-0.651088	-0.749202
6	66	52.8

g
15
7	8.8259	8.76
7	6.27619	6.22933
7	12.0309	11.9147
10	4.18365	4.31946
11	-0.730462	-0.726319
11	-0.490741	-0.465202
8	99	79.2

k
15
7	8.8259	8.76
7	6.27619	6.22933
7	12.0309	11.9147
10	4.18365	4.31946
11	-0.730462	-0.726319
11	-0.490741	-0.465202
8	99	79.2

l
20
10	9.28529	9.192
10	6.60287	6.53653
10	11.5384	11.5715
9	4.35465	4.49046
11	-0.730462	-0.726319
11	-0.490741	-0.465202
10	110	88

m
14
7	3.77709	3.312
7	2.68593	2.3552
7	5.55012	5.14575
9	2.85793	3.08723
2	-0.370219	-0.401519
3	-0.16153	-0.2132
7	55	44

n
15
7	8.8259	8.76
7	6.27619	6.22933
7	12.0309	11.9147
10	4.18365	4.31946
11	-0.730462	-0.726319
11	-0.490741	-0.465202
8	99	79.2

p
14
7	3.77709	3.312
7	2.68593	2.3552
7	5.55012	5.14575
9	2.85793	3.08723
2	-0.370219	-0.401519
3	-0.16153	-0.2132
7	55	44

r
15
7	8.8259	8.76
7	6.27619	6.22933
7	12.0309	11.9147
10	4.18365	4.31946
11	-0.730462	-0.726319
11	-0.490741	-0.465202
8	99	79.2

s
10
6	6.81145	6.39
6	4.8437	4.544
6	10.2189	9.94906
4	3.2829	3.01644
2	-0.730462	-0.726319
5	-0.490741	-0.465202
5	88	70.4

SS
15
10	5.81279	5.544
10	4.13354	3.9424
10	5.86125	5.28266
11	-0.595831	-0.775789
3	0.286753	0.493359
5	0.175673	0.334799
8	77	61.6

t
10
6	6.81145	6.39
6	4.8437	4.544
6	10.2189	9.94906
4	3.2829	3.01644
2	-0.730462	-0.726319
5	-0.490741	-0.465202
5	88	70.4

th
10
6	6.81145	6.39
6	4.8437	4.544
6	10.2189	9.94906
4	3.2829	3.01644
2	-0.730462	-0.726319
5	-0.490741	-0.465202
5	88	70.4

v
12
6	3.91695	3.486
6	2.78539	2.47893
6	6.6343	6.24362
6	3.27741	3.42582
4	-0.759701	-0.810319
10	-0.651088	-0.749202
6	66	52.8

w
12
6	3.91695	3.486
6	2.78539	2.47893
6	6.6343	6.24362
6	-0.805038	-1.35474
4	0.248298	0.309681
10	0.268912	0.370797
6	77	61.6

z
10
6	6.81145	6.39
6	4.8437	4.544
6	10.2189	9.94906
4	3.2829	3.01644
2	-0.730462	-0.726319
5	-0.490741	-0.465202
5	88	70.4
