
#
40
30	10.2861	8.94
30	7.31455	6.35733
30	13.0997	12.3515
26	3.15489	2.89673
20	-0.557954	-0.429519
25	-0.25003	-0.3052
20	99	79.2

b
40
20	5.45165	5.004
20	3.87673	3.5584
20	7.11105	6.66207
26	3.1627	3.39504
20	-0.395554	-0.446319
25	-0.198031	-0.2092
20	55	44

tS
35
15	8.0622	7.728
15	5.73312	5.49547
15	10.5099	9.5633
16	-0.753726	-1.03895
17	0.116168	0.276082
13	0.0824585	0.306799
18	77	61.6

d
35
15	10.5415	10.08
15	7.49616	7.168
15	13.287	11.9147
16	3.65649	3.29346
17	-0.840793	-0.787918
13	-0.554026	-0.493203
18	88	70.4

f
60
35	6.97913	3.864
35	4.96294	2.74773
35	8.55855	6.63674
15	3.57027	3.73361
33	-0.87522	-0.905517
25	-0.797801	-1.0052
30	66	52.8

g
25
11	10.2112	9.96
11	7.26129	7.08267
11	13.12	12.6635
8	4.37078	4.57596
12	-0.840793	-0.787918
13	-0.554026	-0.493203
13	99	79.2

k
25
11	10.2112	9.96
11	7.26129	7.08267
11	13.12	12.6635
8	4.37078	4.57596
12	-0.840793	-0.787918
13	-0.554026	-0.493203
13	99	79.2

l
50
21	13.0831	10.8
21	9.30353	7.68
21	15.7191	13.2251
18	4.54178	4.74696
20	-0.840793	-0.787918
20	-0.554026	-0.493203
25	110	88

m
40
20	5.45165	5.004
20	3.87673	3.5584
20	7.11105	6.66207
26	3.1627	3.39504
20	-0.395554	-0.446319
25	-0.198031	-0.2092
20	55	44

n
25
11	10.2112	9.96
11	7.26129	7.08267
11	13.12	12.6635
8	4.37078	4.57596
12	-0.840793	-0.787918
13	-0.554026	-0.493203
13	99	79.2

p
40
20	5.45165	5.004
20	3.87673	3.5584
20	7.11105	6.66207
26	3.1627	3.39504
20	-0.395554	-0.446319
25	-0.198031	-0.2092
20	55	44

r
25
11	10.2112	9.96
11	7.26129	7.08267
11	13.12	12.6635
8	4.37078	4.57596
12	-0.840793	-0.787918
13	-0.554026	-0.493203
13	99	79.2

s
35
15	10.5415	10.08
15	7.49616	7.168
15	13.287	11.9147
16	3.65649	3.29346
17	-0.840793	-0.787918
13	-0.554026	-0.493203
18	88	70.4

SS
35
15	8.0622	7.728
15	5.73312	5.49547
15	10.5099	9.5633
16	-0.753726	-1.03895
17	0.116168	0.276082
13	0.0824585	0.306799
18	77	61.6

t
35
15	10.5415	10.08
15	7.49616	7.168
15	13.287	11.9147
16	3.65649	3.29346
17	-0.840793	-0.787918
13	-0.554026	-0.493203
18	88	70.4

th
35
15	10.5415	10.08
15	7.49616	7.168
15	13.287	11.9147
16	3.65649	3.29346
17	-0.840793	-0.787918
13	-0.554026	-0.493203
18	88	70.4

v
60
35	6.97913	3.864
35	4.96294	2.74773
35	8.55855	6.63674
15	3.57027	3.73361
33	-0.87522	-0.905517
25	-0.797801	-1.0052
30	66	52.8

w
60
35	6.97913	3.864
35	4.96294	2.74773
35	8.55855	6.63674
15	-1.01045	-1.09158
33	0.132779	0.382479
25	0.322199	0.554797
30	77	61.6

z
35
15	10.5415	10.08
15	7.49616	7.168
15	13.287	11.9147
16	1.94649	1.58346
17	-0.840793	-0.787918
13	-0.554026	-0.493203
18	88	70.4
