
#
16
8	6.85643	5.79
8	4.87568	4.11733
10	9.24718	6.20506
9	-0.381944	-0.367105
10	0.517861	0.502881
11	0.340293	0.292
8	88	70.4

b
16
8	3.75386	3.114
8	2.66941	2.2144
8	5.17391	3.34863
9	-0.713856	-0.697369
10	0.585061	0.614881
11	0.380293	0.416001
8	44	35.2

tS
20
10	4.79133	4.73214
10	3.40717	3.36508
10	5.64717	5.41588
15	-1.03733	-1.22316
10	1.06244	1.19448
13	0.746171	0.834799
10	66	52.8

d
14
8	7.7845	7.413
8	5.53565	5.27147
8	9.44478	8.95065
9	-0.484814	-0.53242
5	0.56775	0.63168
5	0.357681	0.414799
7	77	61.6

f
15
9	5.06661	4.62
9	3.60292	3.28533
9	6.71842	6.40742
10	-0.569962	-0.683682
8	0.267805	0.351681
8	0.005981	-0.197202
8	55	44

g
15
7	8.20695	8.037
7	5.83605	5.7152
7	10.2411	10.3547
9	-0.537413	-0.568421
12	0.541088	0.452482
13	0.561521	0.410798
8	88	70.4

k
15
7	8.20695	8.037
7	5.83605	5.7152
7	10.2411	10.3547
9	-0.537413	-0.568421
12	0.541088	0.452482
13	0.561521	0.410798
8	88	70.4

l
30
8	9.34944	9.27
8	6.64849	6.592
12	11.2364	11.091
15	-0.579912	-0.603472
10	0.513088	0.536481
10	0.361522	0.390798
15	99	79.2

m
16
8	3.75386	3.114
8	2.66941	2.2144
8	5.17391	3.34863
9	-0.713856	-0.697369
10	0.585061	0.614881
11	0.380293	0.416001
8	44	35.2

n
15
7	8.20695	8.037
7	5.83605	5.7152
7	10.2411	10.3547
9	-0.537413	-0.568421
12	0.541088	0.452482
13	0.561521	0.410798
8	88	70.4

p
16
8	4.11386	3.474
8	2.92541	2.4704
8	5.36111	4.65903
9	-0.713856	-0.697369
10	0.585061	0.614881
11	0.380293	0.416001
8	44	35.2

r
15
7	8.20695	8.037
7	5.83605	5.7152
7	10.2411	10.3547
9	-0.537413	-0.568421
12	0.541088	0.452482
13	0.561521	0.410798
8	88	70.4

s
14
8	7.7845	7.413
8	5.53565	5.27147
8	9.44478	8.95065
9	-0.484814	-0.53242
5	0.56775	0.63168
5	0.357681	0.414799
7	77	61.6

SS
20
10	4.79133	4.73214
10	3.40717	3.36508
10	5.64717	5.41588
15	-1.03733	-1.22316
10	1.14644	1.13848
13	1.14617	1.1948
10	66	52.8

t
14
8	7.7845	7.413
8	5.53565	5.27147
8	9.44478	8.95065
9	-0.484814	-0.53242
5	0.56775	0.63168
5	0.357681	0.414799
7	77	61.6

th
14
8	7.7845	7.413
8	5.53565	5.27147
8	9.44478	8.95065
9	-0.484814	-0.53242
5	0.56775	0.63168
5	0.357681	0.414799
7	77	61.6

v
15
9	5.06661	4.62
9	3.60292	3.28533
9	6.71842	6.40742
10	-0.569962	-0.683682
8	0.267805	0.351681
8	0.005981	-0.197202
8	55	44

w
15
8	5.06661	4.62
8	3.60292	3.28533
11	6.71842	6.40742
10	-1.68051	-1.81526
8	0.969333	1.0948
13	0.665982	0.762798
8	66	52.8

z
14
8	7.7845	7.413
8	5.53565	5.27147
8	9.44478	8.95065
9	-0.484814	-0.53242
5	0.56775	0.63168
5	0.357681	0.414799
7	77	61.6
