
#
44
16	11.315	8.745
16	8.04621	6.21867
16	14.6315	11.8523
31	-0.475036	-0.426316
27	0.600872	0.49168
39	0.364003	0.318001
22	88	70.4

b
44
22	5.52899	5.247
22	3.93173	3.7312
22	7.65573	6.73695
31	-0.724001	-0.736842
27	0.656872	0.687681
39	0.444003	0.488939
22	44	35.2

tS
34
10	8.86136	7.1379
10	6.30141	5.07584
8	10.419	8.75522
10	-1.23977	-1.42053
8	1.25147	1.17488
15	0.835099	0.902798
17	66	52.8

d
33
15	11.6655	10.11
15	8.29549	7.18933
15	13.6141	11.8991
24	-0.633236	-0.567948
20	0.601915	0.707282
22	0.413065	0.444798
17	77	61.6

f
40
18	8.13443	6.52701
18	5.78449	4.64143
18	9.61207	7.9229
18	-0.635717	-0.696843
32	0.263038	0.348883
30	-0.059763	-0.161202
20	55	44

g
40
20	12.8402	9.945
20	9.13084	7.072
20	15.7063	13.0379
20	-0.631529	-0.599211
25	0.481896	0.427281
32	0.465644	0.434799
20	88	70.4

k
40
20	12.8402	9.945
20	9.13084	7.072
20	15.7063	13.0379
20	-0.631529	-0.599211
25	0.481896	0.427281
32	0.465644	0.434799
20	88	70.4

l
35
13	13.55	12.39
13	9.63552	8.81067
10	16.0982	12.1643
17	-0.595536	-0.591631
25	0.506143	0.511281
25	0.365645	0.364798
18	99	79.2

m
44
22	5.52899	5.247
22	3.93173	3.7312
22	7.65573	6.73695
31	-0.724001	-0.736842
27	0.656872	0.687681
39	0.444003	0.488939
22	44	35.2

n
40
20	12.8402	9.945
20	9.13084	7.072
20	15.7063	13.0379
20	-0.631529	-0.599211
25	0.481896	0.427281
32	0.465644	0.434799
20	88	70.4

p
44
22	5.52899	5.247
22	3.93173	3.7312
22	7.65573	6.73695
31	-0.724001	-0.736842
27	0.656872	0.687681
39	0.444003	0.488939
22	44	35.2

r
40
20	12.8402	9.945
20	9.13084	7.072
20	15.7063	13.0379
20	-0.631529	-0.599211
25	0.481896	0.427281
32	0.465644	0.434799
20	88	70.4

s
33
15	11.6655	10.11
15	8.29549	7.18933
15	13.6141	11.8991
24	-0.633236	-0.567948
20	0.601915	0.707282
22	0.413065	0.444798
17	77	61.6

SS
34
20	8.86136	7.1379
20	6.30141	5.07584
20	10.419	8.75522
10	-1.23977	-1.42053
8	0.635467	0.922881
15	0.475099	0.642798
17	66	52.8

t
33
15	11.6655	10.11
15	8.29549	7.18933
15	13.6141	11.8991
24	-0.633236	-0.567948
20	0.601915	0.707282
22	0.413065	0.444798
17	77	61.6

th
33
15	11.6655	10.11
15	8.29549	7.18933
15	13.6141	11.8991
24	-0.633236	-0.567948
20	0.601915	0.707282
22	0.413065	0.444798
17	77	61.6

v
40
18	8.13443	6.52701
18	5.78449	4.64143
18	9.61207	7.9229
18	-0.635717	-0.696843
32	0.263038	0.348883
30	-0.059763	-0.161202
20	55	44

w
40
8	8.13443	6.52701
8	5.78449	4.64143
8	9.61207	7.9229
18	-1.81993	-1.93369
32	0.945662	1.06008
30	0.640237	0.778799
20	66	52.8

z
33
15	11.6655	10.11
15	8.29549	7.18933
15	13.6141	11.8991
24	-0.633236	-0.567948
20	0.601915	0.707282
22	0.413065	0.444798
17	77	61.6
