
#
16
8	5.95801	5.28
8	4.23681	3.75467
10	7.53895	7.23466
9	-1.2399	-1.10084
10	1.1177	1.02648
11	0.768837	0.654797
8	88	70.4

b
16
8	3.57481	3.168
8	2.54208	2.2528
8	4.52337	4.34079
9	-1.95662	-2.01263
10	1.2857	1.30648
11	0.848837	0.894799
8	44	35.2

tS
20
10	4.07081	3.9816
10	2.8948	2.83136
10	3.35801	3.05935
15	-1.42837	-1.69684
10	1.97926	2.03448
13	1.38672	1.4148
10	66	52.8

d
14
8	6.528	6.426
8	4.64213	4.5696
8	6.92266	6.54825
9	-1.50347	-1.64558
5	1.38488	1.41288
5	0.834797	0.894799
7	77	61.6

f
15
9	4.37789	4.158
9	3.11316	2.9568
9	4.87921	4.69298
10	-1.90836	-2.06526
8	0.678433	0.774481
8	0.758941	0.450799
8	55	44

g
15
7	6.42318	6.414
7	4.5676	4.56107
7	6.85852	7.85866
9	-1.50347	-1.64558
12	1.22415	1.01528
13	1.17364	0.846799
8	88	70.4

k
15
7	6.42318	6.414
7	4.5676	4.56107
7	6.85852	7.85866
9	-1.50347	-1.64558
12	1.22415	1.01528
13	1.17364	0.846799
8	88	70.4

l
30
8	7.71889	7.68
8	5.48899	5.46133
12	8.37419	8.2081
15	-1.78793	-1.88242
10	1.16815	1.18328
10	0.773639	0.806798
15	99	79.2

m
16
8	3.57481	3.168
8	2.54208	2.2528
8	4.52337	4.34079
9	-1.95662	-2.01263
10	1.2857	1.30648
11	0.848837	0.894799
8	44	35.2

n
15
7	6.42318	6.414
7	4.5676	4.56107
7	6.85852	7.85866
9	-1.50347	-1.64558
12	1.22415	1.01528
13	1.17364	0.846799
8	88	70.4

p
16
8	3.57481	3.168
8	2.54208	2.2528
8	4.52337	4.34079
9	-1.95662	-2.01263
10	1.2857	1.30648
11	0.848837	0.894799
8	44	35.2

r
15
7	6.42318	6.414
7	4.5676	4.56107
7	6.85852	7.85866
9	-1.50347	-1.64558
12	1.22415	1.01528
13	1.17364	0.846799
8	88	70.4

s
14
8	6.528	6.426
8	4.64213	4.5696
8	6.92266	6.54825
9	-1.50347	-1.64558
5	1.38488	1.41288
5	0.834797	0.894799
7	77	61.6

SS
20
10	4.07081	3.9816
10	2.8948	2.83136
10	3.35801	3.05935
15	-1.42837	-1.69684
10	2.14726	1.92248
13	2.18672	2.1348
10	66	52.8

t
14
8	6.528	6.426
8	4.64213	4.5696
8	6.92266	6.54825
9	-1.50347	-1.64558
5	1.38488	1.41288
5	0.834797	0.894799
7	77	61.6

th
14
8	6.528	6.426
8	4.64213	4.5696
8	6.92266	6.54825
9	-1.50347	-1.64558
5	1.38488	1.41288
5	0.834797	0.894799
7	77	61.6

v
15
9	4.37789	4.158
9	3.11316	2.9568
9	4.87921	4.69298
10	-1.90836	-2.06526
8	0.678433	0.774481
8	0.758941	0.450799
8	55	44

w
15
8	4.37789	4.158
8	3.11316	2.9568
11	4.87921	4.69298
10	-2.17152	-2.22316
8	1.63043	1.72648
13	1.15894	1.1708
8	66	52.8

z
14
8	6.528	6.426
8	4.64213	4.5696
8	6.92266	6.54825
9	-1.50347	-1.64558
5	1.38488	1.41288
5	0.834797	0.894799
7	77	61.6
