
#
44
16	9.23724	8.49
16	6.5687	6.03733
16	11.3897	9.48106
31	-1.47113	-1.36137
27	1.32188	1.08248
39	0.82774	0.6948
22	88	70.4

b
44
22	3.74234	4.374
22	2.66122	3.1104
22	6.08501	5.31423
31	-2.10827	-2.19684
27	1.43388	1.47448
39	0.987741	1.03668
22	44	35.2

tS
34
10	5.71663	3.9018
10	4.06516	2.77461
8	6.97273	5.02058
10	-1.71715	-1.93368
8	2.24836	2.31448
15	1.49536	1.5308
17	66	52.8

d
33
15	7.0854	6.6
15	5.03851	4.69333
15	7.43001	6.95385
24	-1.90467	-1.83505
20	1.52602	1.58648
22	0.94964	0.974797
17	77	61.6

f
40
18	5.9742	4.956
18	4.24832	3.52427
18	7.05355	5.54474
18	-2.11471	-2.19684
32	0.732701	0.830483
30	0.77142	0.714798
20	55	44

g
40
20	8.49109	4.89
20	6.03811	3.47733
20	10.6967	7.48425
20	-1.80993	-1.84926
25	1.17399	1.08248
32	1.0148	0.9948
20	88	70.4

k
40
20	8.49109	4.89
20	6.03811	3.47733
20	10.6967	7.48425
20	-1.80993	-1.84926
25	1.17399	1.08248
32	1.0148	0.9948
20	88	70.4

l
35
13	8.9199	8.16
13	6.34304	5.80267
10	10.797	8.73225
17	-1.87664	-1.92979
25	1.22248	1.25048
25	0.814799	0.854797
18	99	79.2

m
44
22	3.74234	4.374
22	2.66122	3.1104
22	6.08501	5.31423
31	-2.10827	-2.19684
27	1.43388	1.47448
39	0.987741	1.03668
22	44	35.2

n
40
20	8.49109	4.89
20	6.03811	3.47733
20	10.6967	7.48425
20	-1.80993	-1.84926
25	1.17399	1.08248
32	1.0148	0.9948
20	88	70.4

p
44
22	3.74234	4.374
22	2.66122	3.1104
22	6.08501	5.31423
31	-2.10827	-2.19684
27	1.43388	1.47448
39	0.987741	1.03668
22	44	35.2

r
40
20	8.49109	4.89
20	6.03811	3.47733
20	10.6967	7.48425
20	-1.80993	-1.84926
25	1.17399	1.08248
32	1.0148	0.9948
20	88	70.4

s
33
15	7.0854	6.6
15	5.03851	4.69333
15	7.43001	6.95385
24	-1.90467	-1.83505
20	1.52602	1.58648
22	0.94964	0.974797
17	77	61.6

SS
34
20	5.71663	3.9018
20	4.06516	2.77461
20	6.97273	5.02058
10	-1.71715	-1.93368
8	1.01636	1.81048
15	0.77536	1.0108
17	66	52.8

t
33
15	7.0854	6.6
15	5.03851	4.69333
15	7.43001	6.95385
24	-1.90467	-1.83505
20	1.52602	1.58648
22	0.94964	0.974797
17	77	61.6

th
33
15	7.0854	6.6
15	5.03851	4.69333
15	7.43001	6.95385
24	-1.90467	-1.83505
20	1.52602	1.58648
22	0.94964	0.974797
17	77	61.6

v
40
18	5.9742	4.956
18	4.24832	3.52427
18	7.05355	5.54474
18	-2.11471	-2.19684
32	0.732701	0.830483
30	0.77142	0.714798
20	55	44

w
40
8	5.9742	4.956
8	4.24832	3.52427
8	7.05355	5.54474
18	-2.21997	-2.30211
32	1.6847	1.78248
30	1.17142	1.2348
20	66	52.8

z
33
15	7.0854	6.6
15	5.03851	4.69333
15	7.43001	6.95385
24	-1.90467	-1.83505
20	1.52602	1.58648
22	0.94964	0.974797
17	77	61.6
