
#
16
8	6.49706	5.586
8	4.62013	3.97227
10	8.56389	6.6169
9	-1.2399	-1.10084
10	1.1177	1.02648
11	0.768837	0.654797
8	88	70.4

b
16
8	3.68224	3.1356
8	2.61848	2.22976
8	4.91369	3.7455
9	-1.95662	-2.01263
10	1.2857	1.30648
11	0.848837	0.894799
8	44	35.2

tS
20
10	4.50312	4.43192
10	3.20222	3.15159
10	4.73151	4.47327
15	-1.42837	-1.69684
10	1.97926	2.03448
13	1.38672	1.4148
10	66	52.8

d
14
8	7.2819	7.0182
8	5.17824	4.99072
8	8.43593	7.98969
9	-1.50347	-1.64558
5	1.38488	1.41288
5	0.834797	0.894799
7	77	61.6

f
15
9	4.79112	4.4352
9	3.40702	3.15392
9	5.98274	5.72164
10	-1.90836	-2.06526
8	0.678433	0.774481
8	0.758941	0.450799
8	55	44

g
15
7	7.49344	7.3878
7	5.32867	5.25355
7	8.88806	9.35626
9	-1.50347	-1.64558
12	1.22415	1.01528
13	1.17364	0.846799
8	88	70.4

k
15
7	7.49344	7.3878
7	5.32867	5.25355
7	8.88806	9.35626
9	-1.50347	-1.64558
12	1.22415	1.01528
13	1.17364	0.846799
8	88	70.4

l
30
8	8.69722	8.634
8	6.18469	6.13973
12	10.0915	9.93782
15	-1.78793	-1.88242
10	1.16815	1.18328
10	0.773639	0.806798
15	99	79.2

m
16
8	3.68224	3.1356
8	2.61848	2.22976
8	4.91369	3.7455
9	-1.95662	-2.01263
10	1.2857	1.30648
11	0.848837	0.894799
8	44	35.2

n
15
7	7.49344	7.3878
7	5.32867	5.25355
7	8.88806	9.35626
9	-1.50347	-1.64558
12	1.22415	1.01528
13	1.17364	0.846799
8	88	70.4

p
16
8	3.89824	3.3516
8	2.77208	2.38336
8	5.02601	4.53174
9	-1.95662	-2.01263
10	1.2857	1.30648
11	0.848837	0.894799
8	44	35.2

r
15
7	7.49344	7.3878
7	5.32867	5.25355
7	8.88806	9.35626
9	-1.50347	-1.64558
12	1.22415	1.01528
13	1.17364	0.846799
8	88	70.4

s
14
8	7.2819	7.0182
8	5.17824	4.99072
8	8.43593	7.98969
9	-1.50347	-1.64558
5	1.38488	1.41288
5	0.834797	0.894799
7	77	61.6

SS
20
10	4.50312	4.43192
10	3.20222	3.15159
10	4.73151	4.47327
15	-1.42837	-1.69684
10	2.14726	1.92248
13	2.18672	2.1348
10	66	52.8

t
14
8	7.2819	7.0182
8	5.17824	4.99072
8	8.43593	7.98969
9	-1.50347	-1.64558
5	1.38488	1.41288
5	0.834797	0.894799
7	77	61.6

th
14
8	7.2819	7.0182
8	5.17824	4.99072
8	8.43593	7.98969
9	-1.50347	-1.64558
5	1.38488	1.41288
5	0.834797	0.894799
7	77	61.6

v
15
9	4.79112	4.4352
9	3.40702	3.15392
9	5.98274	5.72164
10	-1.90836	-2.06526
8	0.678433	0.774481
8	0.758941	0.450799
8	55	44

w
15
8	4.79112	4.4352
8	3.40702	3.15392
11	5.98274	5.72164
10	-2.17152	-2.22316
8	1.63043	1.72648
13	1.15894	1.1708
8	66	52.8

z
14
8	7.2819	7.0182
8	5.17824	4.99072
8	8.43593	7.98969
9	-1.50347	-1.64558
5	1.38488	1.41288
5	0.834797	0.894799
7	77	61.6
