// LOCAL TRANSLATION FILE 
// auto-generated by write_translations.mel
// Header: posename
// Data: jointname rotx roty rotz

l_eyeball_joint 2.8 1.22 2.74
r_eyeball_joint -2.8 1.22 2.74
skullbase 0 0.65 2.7
vc1 0 2.16 0.69
vc2 -1.110223025e-016 1.28 0
vc3 1.110223025e-016 1.38 -0.19
vc4 0 1.42 -0.02
vc5 0 1.63 0.61
vc6 0 2.25 1.58
l_thumb_distal_tip -0.2967951202 -1.933126511 3.254411828
l_thumb3 -0.8478874514 -2.532125124 2.777856738
l_thumb2 -1.128117491 -2.488810948 3.245820971
l_thumb1 -0.6 -1.92 0.48
l_index_distal_tip -0.3185639333 -3.593423638 0.05493460035
l_index3 -0.09 -2.24 0.3651242968
l_index2 -0.07 -3.256507335 0.138456489
l_index1 0.1311584197 -2.398666539 0.2056428302
l_index0 0.02 -6.734672566 3.03
l_middle_distal_tip -0.5054572168 -2.84 -0.1744148676
l_middle3 -0.11 -2.63919572 0.04492781401
l_middle2 -0.22 -4.37925351 -0.0004331159528
l_middle1 -0.04552666368 -2.515649674 -0.08978417255
l_middle0 0.13 -6.34 0.53
l_ring_distal_tip -0.7820301393 -2.818637224 -0.3570023948
l_ring3 -0.1767309903 -2.252247349 -0.2403657939
l_ring2 -0.2720050812 -3.534720839 -0.4760572858
l_ring1 -0.2285670172 -2.558330139 0.2766882909
l_ring0 -0.08 -6.45 -1.74310973
l_pinky_distal_tip -0.4775327783 -2.793887711 -0.8419578938
l_pinky3 -0.6333868328 -1.614783442 -0.5903765318
l_pinky2 -0.102513378 -2.2152481 -0.6236910689
l_pinky1 -0.6272024481 -1.946117412 -0.02944046331
l_pinky0 -1.190784803 -6.182824837 -3.170455069
l_wrist -1.118241433 -18.36201667 0.7110920094
l_elbow 0.42 -29.37972526 0.9471020225
l_shoulder 13.49820965 1.26 -1.929175979
l_acromioclavicular 1.42 -3.19 -0.71
l_sternoclavicular 7.6 -5.32 -0.29
r_thumb_distal_tip 0.2967951202 -1.933126511 3.254411828
r_thumb3 0.8478874514 -2.532125124 2.777856738
r_thumb2 1.128117491 -2.488810948 3.245820971
r_thumb1 0.6 -1.92 0.48
r_index_distal_tip 0.3185639333 -3.593423638 0.05493460035
r_index3 0.09 -2.24 0.3651242968
r_index2 0.07 -3.256507335 0.138456489
r_index1 -0.1311584197 -2.398666539 0.2056428302
r_index0 -0.02 -6.734672566 3.03
r_middle_distal_tip 0.5054572168 -2.84 -0.1744148676
r_middle3 0.11 -2.63919572 0.04492781401
r_middle2 0.22 -4.37925351 -0.0004331159528
r_middle1 0.04552666368 -2.515649674 -0.08978417255
r_middle0 -0.13 -6.34 0.53
r_ring_distal_tip 0.7820301393 -2.818637224 -0.3570023948
r_ring3 0.1767309903 -2.252247349 -0.2403657939
r_ring2 0.2720050812 -3.534720839 -0.4760572858
r_ring1 0.2285670172 -2.558330139 0.2766882909
r_ring0 0.08 -6.45 -1.74310973
r_pinky_distal_tip 0.4775327783 -2.793887711 -0.8419578938
r_pinky3 0.6333868328 -1.614783442 -0.5903765318
r_pinky2 0.102513378 -2.2152481 -0.6236910689
r_pinky1 0.6272024481 -1.946117412 -0.02944046331
r_pinky0 1.190784803 -6.182824837 -3.170455069
r_wrist 1.118241433 -18.36201667 0.7110920094
r_elbow -0.42 -29.37972526 0.9471020225
r_shoulder -13.49820965 1.26 -1.929175979
r_acromioclavicular -1.42 -3.19 -0.71
r_sternoclavicular -7.6 -5.32 -0.29
vc7 0 1.81 0.86
vt1 0 1.9 0.97
vt2 0 1.78 0.86
vt3 0 2.63 1.05
vt4 0 2.18 0.7
vt5 0 2.36 0.55
vt6 0 2.41 0.33
vt7 0 2.43 0.12
vt8 0 2.56 -0.07
vt9 0 2.78 -0.16
vt10 0 1.69 -0.12
vt11 0 4.01 -0.02
vt12 0 3.66 -0.03
vl1 0 3.66 -0.05
vl2 0 2.7 -0.04
vl3 0 3.51 -0.09
vl4 0 3.57 -0.11
vl5 0 14.19 -7.92
l_metatarsal 0 0.39 3.64
l_midtarsal 0 0 7.36
l_subtalar 0 -7.12 3.98
l_ankle -0.66 -42.01 -10.84
l_knee -0.83 -42.58 2.89
l_hip 9.5 0.22 0.13
r_metatarsal 0 0.39 3.64
r_midtarsal 0 0 7.36
r_subtalar 0 -7.12 3.98
r_ankle 0.66 -42.01 -10.84
r_knee 0.83 -42.58 2.89
r_hip -9.5 0.22 0.13
sacroiliac 0 9.09 -2.61
