4.240000
4.500000
4.000000
1.270000
0.810000
0.120000
0.350000
5.000000
352
0.000000
0.200000
0.256300
0.327300
0.366900
0.429400
0.543800
0.607000
0.652500
0.690900
0.746000
0.802400
0.863500
0.954800
1.022200
1.101100
1.243000
1.298300
1.408400
1.616800
2.016800
2.129200
2.204300
2.295300
2.360900
2.429400
2.493500
2.573500
2.624000
2.713000
2.825300
2.912300
2.962700
3.144500
3.344500
3.366400
3.463200
3.522700
3.551600
3.638100
3.704200
3.804900
3.854200
3.924900
3.969700
4.012000
4.055300
4.190500
4.226700
4.289900
4.337400
4.473800
4.559800
4.617700
4.718400
4.779200
4.877500
4.964200
5.058900
5.145800
5.189600
5.258900
5.336600
5.366500
5.422900
5.474000
5.510300
5.598600
5.706201
5.763801
5.791501
5.893701
6.008101
6.071301
6.126000
6.217200
6.258200
6.299100
6.355500
6.415000
6.451400
6.515500
6.621600
6.746900
6.822400
6.862300
6.924300
7.010200
7.143400
7.202700
7.258800
7.352600
7.432499
7.484600
7.549799
7.713399
7.788099
7.883999
8.051299
8.451299
8.473199
8.519599
8.606999
8.660899
8.733199
8.796499
8.906199
8.974999
9.104599
9.170399
9.201399
9.259199
9.350399
9.391199
9.418799
9.455099
9.596999
9.773600
9.881700
9.966300
10.166300
10.201600
10.241000
10.331300
10.388599
10.435299
10.501999
10.533799
10.603099
10.680799
10.710698
10.735098
10.792898
10.932098
10.985699
11.072598
11.108798
11.169098
11.217798
11.301398
11.416998
11.448798
11.494699
11.538299
11.597698
11.660798
11.679298
11.725698
11.805899
11.880898
11.926398
11.986198
12.048999
12.124899
12.174399
12.220799
12.325799
12.515699
12.600300
12.669200
13.069200
13.150599
13.197000
13.313900
13.422600
13.490200
13.529400
13.555600
13.618900
13.717501
13.801600
13.830400
13.857100
13.916600
13.968700
14.040100
14.121500
14.321500
14.343400
14.417200
14.481500
14.542200
14.587300
14.668700
14.763500
14.838700
14.864500
14.935700
14.992300
15.039800
15.140800
15.198999
15.241300
15.280900
15.332800
15.445200
15.526200
15.555100
15.626801
15.706800
15.757300
15.851400
16.046900
16.191401
16.591400
16.625000
16.671400
16.797800
16.898399
16.997999
17.068100
17.124300
17.273899
17.344000
17.544001
17.597900
17.676600
17.813499
17.910700
17.999701
18.046501
18.092501
18.162601
18.362602
18.412802
18.453402
18.577501
18.631401
18.703701
18.740002
18.789001
18.888401
18.951700
18.982700
19.042301
19.128201
19.242001
19.354900
19.428801
19.573301
19.973301
19.999500
20.096300
20.149900
20.212700
20.291399
20.491400
20.553101
20.612600
20.648800
20.708900
20.778200
20.935200
20.994999
21.052399
21.094799
21.134699
21.258799
21.454298
21.524399
21.924398
22.035898
22.095697
22.196398
22.245598
22.329699
22.358498
22.432598
22.523897
22.607197
22.661997
22.799696
22.843197
22.885998
22.990498
23.075098
23.275099
23.356499
23.407000
23.478100
23.507500
23.549799
23.586498
23.620998
23.717598
23.781898
23.806299
23.868299
23.954199
24.075600
24.137699
24.201698
24.601698
24.635298
24.685099
24.816999
24.869099
24.929298
24.997099
25.117298
25.143799
25.238298
25.292898
25.344997
25.390997
25.472397
25.672398
25.735197
25.795998
25.817898
25.914698
25.975597
25.997498
26.060797
26.159397
26.204697
26.234596
26.290997
26.332197
26.408697
26.494198
26.536497
26.600197
26.708597
26.754997
26.866096
26.990896
27.101995
27.201296
27.316196
27.388796
27.439297
27.476297
27.519897
27.567198
27.596598
27.687597
27.723898
27.797499
27.898899
28.043098
28.089699
28.141199
28.248400
28.376699
28.521200
28.611099
28.778399
29.178398
29.234299
29.404099
29.506699
1.000000
1.000000
1.000000
1.000000
1.000000
1.000000
1.000000
1.000000
1.000000
1.000000
1.000000
1.000000
1.000000
1.000000
1.000000
1.000000
1.000000
1.000000
1.000000
1.000000
1.000000
1.000000
1.000000
1.000000
1.000000
1.000000
1.000000
1.000000
1.000000
1.000000
1.000000
1.000000
1.000000
1.000000
1.000000
1.000000
1.000000
1.000000
1.000000
1.000000
1.000000
1.000000
1.000000
1.000000
1.000000
1.000000
1.000000
1.000000
1.000000
0.000000
0.000000
1.000000
1.000000
1.000000
1.000000
1.000000
1.000000
1.000000
1.000000
1.000000
1.000000
1.000000
1.000000
1.000000
1.000000
1.000000
1.000000
1.000000
1.000000
1.000000
1.000000
1.000000
1.000000
1.000000
1.000000
1.000000
1.000000
1.000000
1.000000
1.000000
1.000000
1.000000
1.000000
1.000000
1.000000
1.000000
1.000000
1.000000
1.000000
1.000000
1.000000
1.000000
1.000000
1.000000
1.000000
1.000000
1.000000
1.000000
1.000000
1.000000
1.000000
1.000000
1.000000
1.000000
0.000000
0.000000
0.000000
0.000000
0.000000
0.000000
0.000000
0.000000
0.000000
0.000000
0.000000
0.000000
0.000000
0.000000
0.000000
0.000000
0.000000
0.000000
1.000000
1.000000
1.000000
1.000000
1.000000
1.000000
1.000000
1.000000
1.000000
1.000000
1.000000
1.000000
1.000000
1.000000
1.000000
1.000000
1.000000
1.000000
1.000000
1.000000
1.000000
1.000000
1.000000
1.000000
1.000000
1.000000
1.000000
1.000000
1.000000
1.000000
1.000000
1.000000
1.000000
1.000000
1.000000
1.000000
1.000000
1.000000
1.000000
1.000000
1.000000
1.000000
1.000000
1.000000
1.000000
1.000000
1.000000
1.000000
1.000000
1.000000
1.000000
1.000000
1.000000
1.000000
1.000000
1.000000
1.000000
0.000000
0.000000
0.000000
0.000000
0.000000
0.000000
0.000000
0.000000
0.000000
0.000000
0.000000
0.000000
0.000000
0.000000
0.000000
1.000000
1.000000
1.000000
1.000000
1.000000
1.000000
1.000000
1.000000
1.000000
1.000000
1.000000
1.000000
1.000000
1.000000
1.000000
1.000000
1.000000
1.000000
1.000000
1.000000
1.000000
1.000000
1.000000
1.000000
1.000000
1.000000
1.000000
1.000000
1.000000
1.000000
1.000000
1.000000
1.000000
1.000000
1.000000
1.000000
1.000000
1.000000
1.000000
1.000000
1.000000
1.000000
1.000000
1.000000
1.000000
1.000000
1.000000
1.000000
0.000000
0.000000
0.000000
0.000000
0.000000
0.000000
0.000000
1.000000
1.000000
1.000000
1.000000
1.000000
1.000000
1.000000
1.000000
1.000000
1.000000
1.000000
1.000000
1.000000
1.000000
1.000000
1.000000
1.000000
1.000000
1.000000
1.000000
1.000000
1.000000
1.000000
1.000000
1.000000
1.000000
1.000000
1.000000
1.000000
1.000000
1.000000
1.000000
1.000000
1.000000
1.000000
1.000000
1.000000
1.000000
1.000000
1.000000
1.000000
1.000000
1.000000
1.000000
1.000000
1.000000
0.000000
0.000000
0.000000
0.000000
0.000000
0.000000
0.000000
0.000000
0.000000
0.000000
0.000000
0.000000
0.000000
1.000000
1.000000
1.000000
1.000000
1.000000
1.000000
1.000000
1.000000
1.000000
1.000000
1.000000
1.000000
1.000000
1.000000
1.000000
1.000000
1.000000
1.000000
1.000000
1.000000
1.000000
1.000000
1.000000
1.000000
1.000000
1.000000
1.000000
1.000000
1.000000
1.000000
1.000000
1.000000
1.000000
1.000000
1.000000
1.000000
1.000000
1.000000
1.000000
1.000000
1.000000
1.000000
1.000000
1.000000
0.000000
0.000000
0.000000
0.000000
0.000000
0.000000
0.000000
0.000000
0.000000
0.000000
0.000000
0.000000
0.000000
0.000000
0.000000
0.000000
0.000000
1.000000
1.000000
0.000000
0.000000
0.000000
0.000000
0.000000
0.000000
0.000000
0.000000
0.000000
0.000000
0.000000
0.000000
0.000000
0.000000
0.000000
1.000000
1.000000
1.000000
1.000000
1.000000
1.000000
1.000000
1.000000
1.000000
1.000000
1.000000
1.000000
1.000000
1.000000
1.000000
1.000000
1.000000
1.000000
1.000000
1.000000
1.000000
1.000000
1.000000
1.000000
1.000000
1.000000
1.000000
1.000000
1.000000
1.000000
1.000000
1.000000
1.000000
1.000000
1.000000
1.000000
1.000000
1.000000
1.000000
1.000000
1.000000
1.000000
1.000000
1.000000
1.000000
1.000000
1.000000
1.000000
1.000000
1.000000
1.000000
1.000000
1.000000
1.000000
1.000000
1.000000
1.000000
1.000000
1.000000
1.000000
1.000000
1.000000
1.000000
1.000000
0.000000
0.000000
0.000000
0.000000
0.000000
0.000000
0.000000
0.000000
0.000000
0.000000
0.000000
0.000000
0.000000
0.000000
0.000000
0.000000
0.000000
0.000000
0.000000
1.000000
1.000000
1.000000
1.000000
1.000000
1.000000
1.000000
1.000000
1.000000
1.000000
1.000000
1.000000
1.000000
1.000000
1.000000
1.000000
1.000000
1.000000
1.000000
1.000000
1.000000
1.000000
1.000000
1.000000
1.000000
1.000000
1.000000
1.000000
1.000000
1.000000
1.000000
1.000000
1.000000
1.000000
1.000000
1.000000
1.000000
1.000000
1.000000
1.000000
1.000000
1.000000
1.000000
1.000000
1.000000
1.000000
1.000000
1.000000
1.000000
1.000000
1.000000
1.000000
1.000000
1.000000
1.000000
1.000000
1.000000
1.000000
1.000000
1.000000
1.000000
1.000000
1.000000
1.000000
1.000000
1.000000
1.000000
0.000000
0.000000
0.000000
0.000000
0.000000
0.000000
0.000000
0.000000
0.000000
0.000000
0.000000
0.000000
0.000000
0.000000
0.000000
0.000000
0.000000
0.000000
0.000000
1.000000
1.000000
1.000000
1.000000
1.000000
1.000000
1.000000
1.000000
1.000000
1.000000
1.000000
1.000000
1.000000
1.000000
1.000000
1.000000
1.000000
1.000000
1.000000
1.000000
1.000000
1.000000
1.000000
1.000000
1.000000
1.000000
1.000000
1.000000
1.000000
1.000000
1.000000
1.000000
1.000000
1.000000
1.000000
1.000000
1.000000
1.000000
1.000000
1.000000
1.000000
1.000000
1.000000
1.000000
1.000000
1.000000
1.000000
1.000000
1.000000
1.000000
1.000000
1.000000
1.000000
1.000000
1.000000
0.000000
0.000000
0.000000
0.000000
0.000000
0.000000
0.000000
0.000000
0.000000
1.000000
1.000000
1.000000
1.000000
1.000000
1.000000
1.000000
1.000000
1.000000
1.000000
1.000000
1.000000
1.000000
1.000000
1.000000
1.000000
1.000000
1.000000
1.000000
1.000000
1.000000
1.000000
1.000000
1.000000
1.000000
1.000000
1.000000
1.000000
1.000000
1.000000
1.000000
1.000000
1.000000
1.000000
1.000000
1.000000
1.000000
1.000000
1.000000
1.000000
1.000000
1.000000
1.000000
1.000000
1.000000
1.000000
1.000000
1.000000
1.000000
1.000000
1.000000
1.000000
1.000000
1.000000
1.000000
1.000000
1.000000
1.000000
1.000000
1.000000
0.000000
0.000000
0.000000
0.000000
0.000000
0.000000
0.000000
0.000000
1.000000
1.000000
1.000000
1.000000
1.000000
1.000000
1.000000
1.000000
1.000000
1.000000
1.000000
1.000000
1.000000
1.000000
1.000000
1.000000
1.000000
748
-150
872
3554
6871
9560
10595
10610
10628
10648
10672
10698
10726
10756
10788
10823
10860
10899
10939
10982
11026
11072
11119
11167
11216
11267
11318
11370
11422
11476
11529
11582
11636
11690
9063
3760
1134
1185
1237
1286
1334
1381
1107
222
-1181
-2963
-4947
-6931
-8719
-10133
-11033
-11325
-11300
-11277
-11256
-11239
-11224
-11210
-11200
-11194
-11189
-11188
-11191
-11201
-11218
-11240
-11269
-11304
-11345
-11392
-11446
-11505
-11569
-11640
-11715
-11795
-11881
-11970
-12064
-12162
-12264
-12369
-12479
-12590
-12704
260
141
21
-100
-222
-345
-469
-592
-716
-839
-960
-1080
-1198
-1315
-1430
-1541
-1650
-1755
-1858
-1955
-2050
-2139
-2225
-2305
-2380
-2451
-2515
-2574
-2628
-2675
-2716
-2751
-2780
-2802
-2819
-2829
-2832
-2829
-2820
-2804
-2783
-2756
-2724
-2685
-2641
-2591
-2536
-2476
-2411
-2340
-2265
-2185
-2102
-2015
-1923
-1828
-1729
-1628
-1523
-1417
-1308
-1197
-1085
-971
-857
-742
-627
-511
-396
-282
-168
-57
53
161
268
372
474
572
668
759
847
930
1011
1085
1155
1221
1281
1336
1385
1430
1469
1501
1528
1549
1564
1573
1576
1577
1578
1581
1585
1590
1597
1605
1613
1622
1633
1644
1656
1669
1683
1698
1714
1731
1748
1766
1784
1804
1504
594
-831
-2633
-4634
-6632
-8434
-9859
-10767
-11066
-11044
-11023
-11000
-10979
-10959
-10938
-10918
-10899
-10879
-10861
-10843
-10826
-10809
-10793
-10778
-10764
-10750
-10738
-10727
-10716
-10707
-10699
-10692
-10685
-10680
-10676
-10674
-10672
-10671
-10673
-10679
-10689
-10703
-7450
-930
2312
2283
2251
2214
2174
2131
2085
2035
1982
1927
1869
1809
1745
1681
1614
1544
1474
1403
1329
1255
1179
1104
1028
951
876
800
724
649
574
501
430
359
290
223
158
95
35
-23
-78
-130
-179
-226
-269
-309
-345
-377
-408
-433
-454
-472
-486
-496
-502
-504
-505
-507
-510
-515
-521
-528
-537
-547
-559
-571
-585
-601
-617
-634
-652
-671
-691
-711
-733
-755
-779
-803
-827
-852
-877
-903
-929
-955
-981
-1008
-1034
-1060
-1086
-1112
-1138
-1163
-1188
-1213
-1237
-1260
-1282
-1304
-1324
-1344
-1363
-1382
-1399
-1416
-1430
-1444
-1457
-1468
-1478
-1487
-1494
-1500
-1505
-1509
-1511
-1511
-1510
-1505
-1498
-1488
-1475
-1459
-1441
-1419
-1394
8085
8115
8147
8181
8217
8256
8296
8339
8384
8430
8477
8527
8577
8629
8681
8736
8790
8845
8901
8957
9012
9068
9125
9180
9235
9290
9343
9396
9447
9499
9548
9595
9641
9686
9729
9537
8904
7894
6611
5182
3749
2459
1437
786
574
590
604
614
621
625
627
625
619
608
593
574
552
525
495
461
423
381
336
287
236
180
123
63
0
-66
-133
-203
-274
-348
-423
-499
-576
-655
-734
-814
-893
-973
-1053
-1131
-1210
-1287
-1363
-1439
-1512
-1584
-1654
-1722
-1787
-1851
-1912
-1969
-2025
-2076
-2124
-2169
-2212
-2249
-2284
-2314
-2340
-2363
-2381
-2396
-2406
-2413
-2416
-2413
-2406
-2395
-2380
-2361
-2338
-2311
-2280
-2245
-2205
-2162
-2116
-2066
-2013
-1956
-1897
-1835
-1769
-1702
-1632
-1559
-1486
-1410
-1332
-1254
-1174
-1093
-1012
-930
-849
-766
-685
-604
-522
-443
-364
-287
-211
-138
-66
4
71
136
198
258
314
367
418
464
507
546
581
613
640
663
682
-4004
-8696
-8690
-8688
-8689
-8692
-8699
-8707
-8718
-8733
-8748
-8767
-8787
-8809
-8834
-8861
-8890
-8920
-8954
-8988
-9024
-9061
-9100
-9142
-6831
-2171
135
90
45
-1
-47
-94
-141
-188
-236
-283
-330
-376
-423
-468
-513
-556
-599
-642
-682
-721
-758
-794
-829
-862
-893
-921
-948
-973
-995
-1017
-1035
-1050
-1064
-1075
-1084
-1090
-1093
-1095
-1097
-1103
-1113
-1127
-1145
-1167
-1192
-1223
-1256
-1293
-1333
-1377
-1425
-1475
-1528
-1584
-1643
-1705
-1768
-1835
-1903
-1972
-2044
-2117
-2191
-2267
-2343
-2420
-2497
-2574
-2652
-2729
-2805
-2882
-2957
-3032
-3105
-3176
-3246
-3314
-3380
-3444
-3506
-3564
-3621
-3674
-3724
-3771
-3815
-3856
-3893
-3926
-3956
-3981
-4003
-4021
-4036
-4046
-4052
-4054
-4051
-4042
-4026
-4004
-3976
-3942
-3903
-3857
-3805
-3748
-3686
-3618
-3546
-3469
-3386
-3300
-3208
-693
4246
6770
6875
6983
7093
7206
7319
7436
7554
7672
7791
5488
765
-1535
-1417
-1299
-1183
-1069
-956
-846
-738
-634
-531
-433
-338
-248
-161
-80
-3
70
137
200
257
308
353
393
428
455
477
492
502
505
503
496
485
470
451
428
402
372
341
307
271
234
195
157
119
83
47
13
-19
-48
-74
-97
-116
-131
-142
-148
-150
150
1173
3856
7172
9860
10895
10910
10928
10948
10971
10997
11026
11056
11088
11123
11159
11198
11239
11282
11326
11371
11418
11467
11516
11566
11617
11670
11722
11775
11828
11882
11935
11989
9364
4062
1436
1487
1538
1587
1636
1683
1409
523
-880
-2662
-4646
-6630
-8419
-9833
-10733
-11025
-11000
-10977
-10956
-10939
-10924
-10911
-10901
-10895
-10890
-10889
-10892
-10902
-10918
-10940
-10969
-11004
-11046
-11093
-11146
-11205
-11270
-11340
-11415
-11496
-11581
-11671
-11764
-11863
-11964
-12070
-12179
-12291
-12405
561
443
322
201
79
-44
-167
-291
-415
-537
-659
-778
-897
-1014
-1128
-1240
-1348
-1454
-1556
-1654
-1748
-1838
-1923
-2004
-2079
-2149
-2214
-2273
-2326
-2373
-2415
-2450
-2479
-2501
-2517
-2527
-2530
-2527
-2518
-2503
-2482
-2455
-2423
-2383
-2339
-2290
-2235
-2174
-2109
-2039
-1963
-1884
-1801
-1713
-1622
-1526
-1428
-1326
-1222
-1115
-1007
-896
-783
-670
-555
-441
-325
-210
-95
19
132
244
354
463
569
674
775
874
969
1061
1148
1232
1312
1386
1457
1522
1582
1638
1687
1731
1770
1802
1830
1851
1866
1875
1878
1879
1880
1883
1887
1892
1898
1906
1914
1923
1934
1945
1957
1970
1984
1999
2016
2033
2050
2068
2086
2105
1806
896
-529
-2331
-4332
-6331
-8134
-9559
-10468
-10766
-10744
-10723
-10701
-10680
-10660
-10638
-10618
-10599
-10579
-10561
-10543
-10526
-10509
-10494
-10479
-10465
-10450
-10438
-10427
-10416
-10407
-10399
-10392
-10385
-10380
-10376
-10374
-10372
-10371
-10373
-10379
-10389
-10403
-7150
-629
2614
2584
2552
2515
2476
2433
2386
2336
2284
2229
2170
2110
2047
1982
1915
1846
1775
1704
1631
1556
1481
1406
1329
1253
1177
1101
1026
950
876
803
731
661
591
524
460
396
336
278
223
170
121
75
32
-8
-44
-76
-106
-131
-152
-170
-184
-194
-201
-203
-204
-206
-209
-214
-220
-227
-236
-246
-258
-270
-284
-299
-315
-332
-350
-369
-389
-410
-432
-454
-478
-501
-525
-550
-575
-602
-628
-654
-680
-706
-732
-758
-784
-811
-837
-862
-887
-911
-935
-958
-980
-1003
-1023
-1043
-1062
-1081
-1098
-1114
-1128
-1142
-1155
-1166
-1176
-1185
-1192
-1199
-1204
-1208
-1210
-1210
-1209
-1204
-1196
-1186
-1173
-1157
-1139
-1117
-1093
8386
8415
8447
8481
8517
8557
8597
8639
8684
8731
8778
8827
8877
8929
8982
9036
9090
9146
9201
9257
9312
9369
9425
9480
9535
9590
9643
9696
9747
9799
9848
9895
9941
9986
10029
9837
9204
8195
6912
5483
4051
2760
1738
1088
876
892
905
915
922
926
928
926
920
909
895
876
854
827
796
762
724
683
638
588
537
482
425
364
301
235
167
98
27
-47
-121
-197
-275
-353
-433
-512
-591
-672
-751
-830
-908
-985
-1062
-1137
-1211
-1283
-1352
-1421
-1486
-1549
-1611
-1668
-1723
-1774
-1823
-1868
-1910
-1947
-1982
-2013
-2039
-2062
-2080
-2095
-2105
-2111
-2114
-2111
-2105
-2094
-2079
-2060
-2037
-2010
-1978
-1943
-1904
-1861
-1815
-1764
-1711
-1655
-1595
-1533
-1468
-1401
-1330
-1258
-1184
-1108
-1031
-952
-873
-791
-710
-629
-547
-465
-383
-302
-221
-141
-63
14
90
162
235
305
372
438
500
559
616
669
719
765
809
848
883
914
941
964
983
-3703
-8396
-8390
-8388
-8389
-8392
-8399
-8407
-8418
-8432
-8447
-8466
-8486
-8509
-8534
-8561
-8590
-8620
-8653
-8687
-8724
-8761
-8800
-8841
-6530
-1870
437
391
346
300
254
207
159
112
65
18
-29
-75
-121
-166
-212
-255
-298
-340
-380
-420
-457
-493
-527
-560
-591
-620
-647
-672
-694
-715
-733
-748
-762
-773
-782
-788
-791
-793
-795
-802
-812
-826
-844
-866
-891
-921
-954
-991
-1032
-1076
-1123
-1173
-1227
-1283
-1341
-1404
-1467
-1533
-1602
-1671
-1742
-1816
-1890
-1965
-2042
-2118
-2196
-2273
-2350
-2428
-2504
-2580
-2656
-2730
-2804
-2875
-2944
-3013
-3079
-3142
-3205
-3263
-3319
-3372
-3423
-3470
-3514
-3554
-3592
-3625
-3655
-3680
-3702
-3720
-3734
-3744
-3750
-3752
-3749
-3740
-3724
-3703
-3675
-3641
-3602
-3555
-3504
-3447
-3385
-3317
-3245
-3167
-3085
-2999
-2907
-391
4547
7070
7176
7283
7394
7507
7620
7737
7854
7973
8091
5789
1067
-1234
-1115
-997
-882
-767
-655
-544
-437
-332
-230
-131
-37
53
139
221
298
371
439
501
558
610
655
695
729
756
778
793
804
807
805
797
786
771
752
729
703
674
643
609
572
535
497
459
421
384
348
314
282
253
227
204
184
169
158
152
150
748
-150
-150
-151
-154
-157
-162
-167
-173
-180
-188
-197
-208
-218
-229
-241
-253
-266
-279
-293
-308
-322
-337
-353
-368
-384
-399
-416
-431
-447
-462
-477
-492
-506
-520
-534
-547
-559
-571
-582
-592
-603
-611
-619
-626
-633
-638
-642
-646
-648
-650
-650
-654
-665
-684
-711
-745
-786
-836
-891
-953
-1023
-1097
-1178
-1265
-1357
-1454
-1555
-1661
-1769
-1882
-1997
-2115
-2235
-2355
-2478
-2599
-2722
-2845
-2965
-3085
-3202
-3318
-3431
-3539
-3645
-3746
-3843
-3935
-4021
-4102
-4177
-4247
-4309
-4364
-4412
-4455
-4489
-4515
-4534
-4546
-4550
-4549
-4546
-4540
-4533
-4524
-4513
-4500
-13680
-13663
-13644
-13624
-9004
-4383
-4358
-4332
-4305
-4276
-4247
-4216
-4184
-4153
-4120
-4088
-4055
-4021
-3988
-3955
-3922
-3890
-3859
-3827
-3796
-3767
-3738
-3711
-3685
-3660
-3637
-3614
-3594
-3575
-3558
-3543
-3530
-3519
-3510
-3503
-3497
-3494
-3493
-3489
-3477
-3457
-3429
-3391
-3348
-3296
-3238
-3171
-3098
-3019
-2932
-2841
-2743
-2640
-2532
-2421
-2305
-2185
-2063
-1938
-1812
-1683
-1553
-1424
-1294
-1164
-1036
-909
-784
-662
-542
-427
-315
-208
-106
-8
83
169
249
322
387
447
498
542
578
608
628
640
644
644
644
645
645
646
647
648
649
650
652
653
655
657
658
660
662
665
667
10012
10014
10017
10019
10022
10024
10027
10029
10032
10034
10036
10039
10041
10043
10046
10048
10050
10052
10054
10055
10057
10059
10060
10061
10062
10063
10064
10066
10066
10067
10067
10067
10064
10059
10050
10038
10022
10003
5309
612
583
551
517
480
440
397
352
306
257
207
155
102
48
-7
-63
-119
-174
-231
-287
-343
-398
-453
-505
-557
-608
-657
-703
-748
-790
-830
-868
-902
-934
-962
-988
-1011
-1030
-1046
-1058
-1067
-1072
-1074
-1072
-1065
-1053
-1037
-1016
-989
-959
-925
-887
-845
-798
-748
-695
-639
-579
-517
-452
-384
-316
-245
-172
-100
-26
49
124
200
275
349
423
495
566
636
702
767
830
889
946
1000
1049
1095
1137
1176
1211
1240
1266
1287
1303
1315
1322
1324
1323
1321
1317
1312
1305
1297
1287
1276
1264
1250
-3440
-8132
-8149
-8168
-8187
-8207
-8228
-8250
-8272
-8295
-8320
-8344
-8368
-8392
-8416
-8441
-8465
-8489
-8513
-8537
-8560
-8583
-8605
-6288
-1632
685
667
649
633
618
605
591
580
570
562
555
550
546
544
543
546
556
571
593
622
656
696
741
792
850
911
977
1049
1124
1204
1287
1373
1463
1555
1650
1746
1845
1944
2045
2145
2246
2346
2445
2543
2640
2734
2827
2917
3004
3087
3166
3242
3313
3379
3441
3497
3548
3595
3635
3668
3696
3718
3734
3743
3746
3744
3736
3722
3703
3679
3650
3616
3576
3532
3483
3430
3372
3312
3247
3178
3106
3032
2954
2875
2794
2710
2626
2540
2454
2367
2281
2195
2109
2025
1941
1860
1780
1703
1629
1556
1488
1424
1362
1305
1252
1203
1158
1119
1085
1056
1032
1013
999
990
988
986
980
10224
10211
10194
10173
10149
10122
10091
10055
10018
9978
9935
9889
9840
9789
483
429
372
314
256
195
135
75
14
-47
-108
-167
-228
-286
-343
-399
-455
-507
-557
-607
-652
-695
-736
-773
-808
-839
-867
-891
-912
-929
-942
-952
-957
-959
-964
-977
-999
-1030
-1069
-1117
-1172
-1237
-1308
-1387
-1473
-1566
-1666
-1771
-1883
-1998
-2120
-2245
-2374
-2507
-2642
-2779
-2918
-3058
-3198
-3339
-3479
-3617
-3755
-3890
-4022
-4152
-4277
-4398
-4514
-4625
-4731
-4830
-4923
-5009
-5089
-5160
-5224
-5280
-5328
-5367
-5397
-5419
-5432
-5437
-5430
-5411
-5378
-5333
-5274
-5203
-5120
-5024
-4918
-4800
-4672
-4534
-4385
-4229
-4063
-3890
-3709
-3523
-3330
-3133
-12170
-11966
-11759
-11551
-11341
-11132
-10923
-10717
-10512
-10311
-10114
-9922
-9735
-9556
-9382
-9217
-9059
-8911
-8773
-8644
-8527
-8420
-8325
-8242
1066
1124
1170
1203
1223
1229
1227
1222
1212
1199
1180
1159
1135
1107
1076
1041
1003
961
918
872
823
771
718
663
607
548
488
428
366
305
244
181
120
59
-1
-61
-119
-174
-230
-283
-334
-383
-430
-473
-514
-552
-587
-619
-647
-671
-692
-709
-723
-733
-738
-740
-740
-738
-734
-730
-724
-717
-709
-699
-689
-677
-664
-651
-636
-621
-605
-587
-569
-551
-532
-514
-494
-475
-455
-436
-416
-396
-376
-357
-339
-321
-303
-286
-270
-255
-240
-226
-214
-202
-191
-181
-173
-166
-160
-155
-152
-150
-150
150
150
149
146
143
138
133
127
120
112
103
93
83
72
60
48
35
22
8
-7
-21
-36
-52
-67
-83
-98
-114
-129
-145
-160
-175
-190
-205
-219
-233
-246
-258
-270
-281
-291
-301
-309
-317
-324
-331
-336
-340
-344
-346
-348
-348
-352
-363
-382
-410
-444
-485
-534
-589
-652
-721
-795
-877
-963
-1056
-1152
-1254
-1359
-1468
-1580
-1696
-1814
-1933
-2054
-2176
-2298
-2421
-2543
-2664
-2783
-2901
-3017
-3129
-3238
-3343
-3445
-3541
-3634
-3720
-3801
-3876
-3945
-4008
-4063
-4111
-4153
-4188
-4214
-4233
-4245
-4249
-4248
-4245
-4239
-4232
-4223
-4212
-4199
-13382
-13364
-13345
-13325
-8704
-4082
-4057
-4031
-4004
-3974
-3945
-3915
-3883
-3852
-3819
-3787
-3753
-3720
-3687
-3654
-3621
-3589
-3557
-3525
-3495
-3466
-3437
-3410
-3384
-3358
-3335
-3313
-3293
-3274
-3257
-3242
-3229
-3218
-3209
-3202
-3196
-3193
-3192
-3188
-3175
-3155
-3127
-3090
-3047
-2995
-2936
-2870
-2797
-2717
-2631
-2539
-2442
-2338
-2231
-2119
-2004
-1884
-1761
-1637
-1510
-1381
-1252
-1122
-992
-863
-734
-608
-483
-360
-241
-125
-14
93
194
293
384
471
550
624
689
748
799
844
880
909
929
941
945
945
945
946
946
947
948
949
950
951
953
954
956
958
959
961
963
966
968
10312
10314
10317
10319
10322
10324
10327
10329
10332
10334
10336
10339
10341
10343
10346
10348
10350
10352
10354
10355
10357
10359
10360
10361
10362
10363
10364
10365
10365
10366
10366
10366
10364
10359
10350
10338
10322
10303
5610
913
885
853
819
781
741
699
654
608
558
508
457
404
349
294
238
181
126
70
14
-42
-97
-151
-204
-256
-306
-355
-402
-447
-489
-528
-566
-601
-633
-661
-687
-709
-728
-744
-756
-765
-770
-772
-770
-763
-751
-735
-714
-688
-658
-624
-585
-543
-497
-447
-393
-337
-278
-216
-150
-83
-15
56
128
201
275
350
426
501
576
651
724
796
868
937
1004
1069
1131
1190
1248
1301
1350
1396
1439
1478
1512
1541
1567
1588
1605
1617
1624
1626
1625
1623
1619
1614
1607
1598
1588
1577
1565
1551
-3138
-7831
-7848
-7867
-7886
-7906
-7928
-7950
-7972
-7995
-8019
-8043
-8067
-8091
-8116
-8141
-8165
-8189
-8213
-8236
-8259
-8282
-8304
-5987
-1330
986
968
950
934
919
906
893
882
872
864
857
852
848
846
845
848
858
873
895
923
957
997
1043
1094
1151
1213
1279
1350
1426
1505
1588
1675
1764
1857
1951
2048
2146
2246
2346
2447
2547
2648
2746
2845
2941
3036
3128
3219
3305
3388
3468
3543
3614
3681
3742
3798
3850
3896
3936
3969
3997
4019
4036
4045
4048
4046
4038
4023
4004
3980
3951
3917
3878
3834
3784
3731
3674
3613
3548
3480
3407
3333
3256
3176
3095
3011
2927
2842
2755
2669
2582
2496
2411
2326
2243
2161
2082
2004
1930
1858
1789
1725
1664
1607
1553
1504
1460
1421
1386
1357
1333
1314
1300
1292
1290
1288
1282
10524
10511
10494
10473
10449
10422
10391
10355
10318
10278
10235
10189
10140
10089
784
730
674
616
557
497
437
376
315
254
192
133
73
15
-42
-98
-153
-206
-256
-305
-350
-393
-435
-472
-506
-537
-565
-589
-611
-628
-641
-651
-656
-658
-663
-676
-698
-728
-767
-816
-871
-935
-1007
-1086
-1171
-1265
-1364
-1470
-1581
-1697
-1819
-1943
-2073
-2206
-2340
-2478
-2617
-2756
-2897
-3038
-3177
-3316
-3454
-3589
-3721
-3851
-3975
-4097
-4213
-4324
-4430
-4529
-4622
-4708
-4788
-4859
-4923
-4979
-5027
-5066
-5096
-5118
-5131
-5136
-5129
-5110
-5077
-5032
-4973
-4902
-4819
-4723
-4617
-4499
-4370
-4233
-4084
-3927
-3761
-3589
-3408
-3222
-3029
-2832
-11871
-11667
-11460
-11252
-11042
-10832
-10623
-10417
-10212
-10011
-9814
-9622
-9435
-9255
-9081
-8917
-8759
-8611
-8472
-8344
-8226
-8120
-8024
-7942
1367
1426
1472
1504
1524
1530
1528
1523
1513
1500
1482
1461
1437
1409
1377
1342
1304
1263
1220
1173
1124
1073
1020
964
908
850
789
729
668
607
545
483
422
360
300
240
181
126
71
18
-33
-82
-128
-171
-213
-251
-286
-317
-345
-369
-390
-408
-422
-432
-437
-439
-439
-437
-433
-429
-423
-416
-408
-397
-387
-375
-362
-349
-334
-319
-303
-286
-268
-250
-231
-213
-192
-173
-153
-134
-114
-95
-75
-56
-38
-20
-2
15
31
46
61
75
87
99
109
119
127
134
140
145
148
150
150
