#START
GROUP 2 14
GROUP 3 14
GROUP 4 6
GROUP 5 4
GROUP 6 4
GROUP 7 1
GROUP 8 10
GROUP 9 15
GROUP 10 10
GROUP 11 6
END
#GROUP 2
-0.004500 32.709000 2.139500 #3065
-0.001000 33.591000 2.296000 #3119
-0.001000 33.551998 2.328500 #3114
0.475500 33.590000 2.077000 #4723
-0.479000 33.594002 2.063500 #1528
0.273500 33.680500 2.253500 #4106
-0.281000 33.682999 2.249500 #2157
0.260500 33.591499 2.251500 #4057
-0.267500 33.590500 2.248500 #2207
-0.005500 33.123001 2.242000 #3070
0.533000 32.732998 1.654500 #5081
-0.547500 32.749500 1.646500 #1182
1.040000 33.112000 1.292000 #5576
-1.040000 33.109001 1.287000 #687
#GROUP 3
0.739500 35.169498 1.889500 #5208
-0.756000 35.171501 1.885500 #1055
0.732000 34.911503 1.849000 #5191
-0.747000 34.909500 1.846000 #1071
0.732000 34.911503 1.849000 #5191
-0.747000 34.909500 1.846000 #1071
1.046500 35.008999 1.610000 #5527
-0.410500 34.965000 1.817000 #1761
0.748500 34.854500 1.825500 #5216
-0.761500 34.854000 1.822000 #1047
0.403500 34.969501 1.818000 #4502
-1.047000 35.014500 1.605500 #745
0.749000 35.273998 1.792500 #5213
-0.753500 35.278000 1.795000 #1050
#GROUP 4
0.308500 35.423500 2.094500 #4191
-0.314000 35.419498 2.098000 #2072
0.719500 35.507999 1.975500 #5178
-0.691000 35.503502 1.987500 #1085
1.123000 35.445000 1.733000 #5619
-1.109000 35.437500 1.745000 #644
#GROUP 5
0.739500 33.614002 2.021000 #5182
-0.725500 33.613499 2.025000 #1081
1.071500 34.405499 1.894500 #5548
-1.077500 34.399502 1.890000 #715
#GROUP 6
-1.959000 34.889000 -0.566500 #0
-1.959000 34.889000 -0.566500 #0
-1.959000 34.889000 -0.566500 #0
-1.959000 34.889000 -0.566500 #0
#GROUP 7
-1.959000 34.889000 -0.566500 #0
#GROUP 8
-0.002000 33.810501 2.371500 #3136
-0.001000 33.392502 2.360000 #3089
0.566500 33.605999 2.006500 #4977
-0.556000 33.609001 2.008000 #1297
0.190500 33.809002 2.355000 #3853
-0.194500 33.809998 2.347500 #2410
0.292000 33.437500 2.286000 #4145
-0.299000 33.438000 2.281000 #2118
-0.103000 33.829502 2.374500 #2699
0.098500 33.833000 2.377000 #3564
#GROUP 9
0.350000 34.260498 2.250500 #4341
-0.342000 34.265499 2.264500 #1922
-0.005500 34.371002 2.619500 #3168
-0.196500 34.117001 2.277500 #2378
0.202500 34.094501 2.263000 #3885
-0.214500 34.938000 1.948000 #2538
0.208000 34.946503 1.954500 #3725
0.982000 33.894501 1.949500 #5367
-1.959000 34.889000 -0.566500 #0
-1.959000 34.889000 -0.566500 #0
-0.004000 34.621002 2.485500 #3174
-0.004000 34.621002 2.485500 #3174
0.210500 34.515499 2.327500 #3822
-0.198000 34.518002 2.349500 #2442
-0.008000 34.099998 2.356000 #3160
#GROUP 10
1.850000 35.292000 -0.236000 #6214
-1.891000 35.233501 -0.146000 #24
1.923000 34.724503 -0.566500 #6247
-1.959000 34.889000 -0.566500 #0
1.618500 34.041000 0.089000 #6018
-1.614000 34.036999 0.081500 #245
1.638000 34.393501 0.146500 #6022
-1.582500 34.386501 0.169500 #294
1.665500 34.801502 0.016000 #6045
-1.621000 34.742001 0.023000 #261
#GROUP 11
-1.959000 34.889000 -0.566500 #0
-1.959000 34.889000 -0.566500 #0
-1.959000 34.889000 -0.566500 #0
-1.959000 34.889000 -0.566500 #0
-1.959000 34.889000 -0.566500 #0
-1.959000 34.889000 -0.566500 #0
