#START
GROUP 2 10
GROUP 3 4
GROUP 4 6
GROUP 5 4
GROUP 6 4
GROUP 7 0
GROUP 8 8
GROUP 9 15
GROUP 10 4
END
#GROUP 2
0.000000 -23.450001 17.580000 #2147
0.000000 -15.100000 19.400000 #1256
0.000000 -15.040000 19.209999 #2103
5.090000 -15.060000 16.969999 #11
-5.090000 -15.060000 16.969999 #2386
2.980000 -15.030000 18.330000 #1246
-2.980000 -15.030000 18.330000 #3575
2.730000 -14.980000 18.230000 #1754
-2.730000 -14.980000 18.230000 #4058
0.000000 -20.400000 18.500000 #2143
#GROUP 3
7.530000 1.150000 16.480000 #795
-7.530000 1.150000 16.480000 #3141
7.550000 -1.250000 16.540001 #635
-7.550000 -1.250000 16.540001 #2980
#GROUP 4
3.400000 4.780000 19.150000 #-1
-3.400000 4.780000 19.150000 #-1
7.900000 6.900000 17.480000 #-1
-7.900000 6.900000 17.480000 #-1
12.330000 5.230000 13.650000 #-1
-12.330000 5.230000 13.650000 #-1
#GROUP 5
10.310000 -13.110000 14.520000 #1926
-10.310000 -13.110000 14.520000 #4227
11.580000 -6.780000 14.340000 #1551
-11.580000 -6.780000 14.340000 #3868
#GROUP 6
0.0 -15.85 17.65 #-1
0.0, -15.19, 10.22 #-1
3.53, -16.36, 11.88 #-1
-3.53, -16.36, 11.88 #-1
#GROUP 7
#GROUP 8
6.180000 -15.000000 16.190001 #2123
-6.180000 -15.000000 16.190001 #2111
2.760000 -12.680000 21.790001 #9
-2.760000 -12.680000 21.790001 #2382
3.480000 -17.100000 18.680000 #2190
-3.480000 -17.100000 18.680000 #4444
0.000000 0.000000 0.000000 #2230
2.830000 -8.330000 20.930000 #4483
#GROUP 9
0.000000 -8.400000 24.299999 #1751
0.000000 0.000000 0.000000 #4055
0.000000 0.000000 0.000000 #2159
0.000000 0.000000 0.000000 #2159
0.000000 0.000000 0.000000 #2159
0.000000 0.000000 0.000000 #2159
0.000000 0.000000 0.000000 #2159
0.000000 0.000000 0.000000 #2159
0.000000 0.000000 0.000000 #2159
0.000000 0.000000 0.000000 #2159
0.000000 0.000000 0.000000 #2159
0.000000 0.000000 0.000000 #2159
0.000000 0.000000 0.000000 #2159
0.000000 0.000000 0.000000 #2159
0.000000 0.000000 0.000000 #2159
#GROUP 10
18.680000 -6.080000 -9.700000 #403
-18.680000 -6.080000 -9.700000 #2752
0.000000 0.000000 0.000000 #414
0.000000 -15.850000 17.650000 #2765
