#START
GROUP 2 14
GROUP 3 14
GROUP 4 6
GROUP 5 4
GROUP 6 4
GROUP 7 1
GROUP 8 10
GROUP 9 15
GROUP 10 10
GROUP 11 6
END
#GROUP 2
-0.005000 32.736500 2.159000 #3065
-0.002500 33.562000 2.198500 #3129
-0.001000 33.547501 2.194500 #3114
0.520000 33.521500 1.879000 #4723
-0.517000 33.522999 1.882000 #1540
0.305000 33.591999 2.117000 #4106
-0.312000 33.593498 2.113000 #2157
0.273500 33.562500 2.110000 #4057
-0.279500 33.562000 2.106500 #2207
-0.004000 33.237999 2.139000 #3074
0.533500 32.761497 1.905500 #4886
-0.537000 32.784500 1.910500 #1377
0.947000 33.022999 1.484000 #5330
-0.961500 33.023499 1.459500 #933
#GROUP 3
-0.702000 35.205002 1.885000 #1079
0.673000 34.975002 1.838500 #5179
-0.687500 34.973499 1.836500 #1084
0.694000 34.925499 1.923500 #5205
-0.706000 34.923500 1.920000 #1058
0.973000 35.037498 1.751500 #5558
-0.383000 35.063999 1.803000 #1782
0.697000 34.912498 1.845500 #5216
-0.710000 34.911503 1.844000 #1047
0.365000 35.061501 1.811500 #4464
-0.964500 35.040001 1.749500 #741
0.718000 35.272499 1.903500 #5219
-0.718000 35.268002 1.892500 #1050
-1.832000 34.980000 -0.553000 #0
#GROUP 4
0.313000 35.405499 2.174000 #4191
-0.318500 35.406502 2.174000 #2072
0.829500 35.425499 2.036500 #5280
-0.803000 35.435501 2.053500 #983
1.138000 35.259499 1.754000 #5676
-1.134000 35.258499 1.763000 #587
#GROUP 5
0.767000 33.586002 1.807000 #5182
-0.756000 33.579002 1.812000 #1081
0.999500 34.474998 1.726500 #5548
-1.005500 34.470001 1.722500 #715
#GROUP 6
-1.832000 34.980000 -0.553000 #0
-1.832000 34.980000 -0.553000 #0
-1.832000 34.980000 -0.553000 #0
-1.832000 34.980000 -0.553000 #0
#GROUP 7
-1.832000 34.980000 -0.553000 #0
#GROUP 8
-0.004000 33.629501 2.250000 #3136
0.000000 33.424000 2.220500 #3087
0.631500 33.526501 1.802000 #5039
-0.590500 33.542999 1.802500 #1316
0.229000 33.673000 2.244500 #3853
-0.232500 33.673500 2.237000 #2410
0.296000 33.446499 2.138500 #4143
-0.303000 33.449001 2.133000 #2120
0.129500 33.672501 2.265000 #3564
-0.134000 33.669498 2.262500 #2699
#GROUP 9
0.418500 34.292999 2.205500 #4341
-0.408500 34.296001 2.227500 #1922
-0.005000 34.272499 2.780500 #3170
-0.232000 34.130001 2.266000 #2382
0.244500 34.112503 2.232500 #3881
-0.174000 35.041500 1.935500 #2538
0.169500 35.049000 1.943000 #3725
-1.832000 34.980000 -0.553000 #0
-0.004000 34.742500 2.547500 #3177
-0.004000 34.742500 2.547500 #3177
0.205500 34.652000 2.350500 #3767
-0.004000 34.742500 2.547500 #3177
0.205500 34.652000 2.350500 #3767
-0.203500 34.653000 2.359500 #2496
-0.008500 34.046501 2.379500 #3160
#GROUP 10
-1.832000 34.980000 -0.553000 #0
-1.832000 34.980000 -0.553000 #0
-1.832000 34.980000 -0.553000 #0
-1.832000 34.980000 -0.553000 #0
-1.832000 34.980000 -0.553000 #0
-1.832000 34.980000 -0.553000 #0
-1.832000 34.980000 -0.553000 #0
-1.832000 34.980000 -0.553000 #0
-1.832000 34.980000 -0.553000 #0
-1.832000 34.980000 -0.553000 #0
#GROUP 11
-1.832000 34.980000 -0.553000 #0
-1.832000 34.980000 -0.553000 #0
-1.832000 34.980000 -0.553000 #0
-1.832000 34.980000 -0.553000 #0
-1.832000 34.980000 -0.553000 #0
-1.832000 34.980000 -0.553000 #0
