949
0
-1
-5
-12
-22
-34
-49
-67
-88
-111
-136
-164
-194
-227
-261
-298
-337
-377
-420
-464
-509
-556
-604
-654
-704
-755
-807
-860
-913
-966
-1019
-1073
-1126
-1179
-1231
-1283
-1334
-1385
-1434
-1482
-1529
-1575
-1619
-1661
-1701
-1740
-1777
-1812
-1844
-1874
-1902
-1928
-1951
-1971
-1989
-2004
-2017
-2026
-2033
-2037
-2039
-2038
-2035
-2031
-2024
-2016
-2006
-1994
-1980
-1965
-1948
-1929
-1909
-1888
-1865
-1840
-1815
-1788
-1759
-1730
-1700
-1669
-1637
-1604
-1570
-1536
-1502
-1467
-1432
-1396
-1361
-1325
-1290
-1255
-1220
-1185
-1151
-1118
-1085
-1053
-1022
-992
-962
-934
-907
-882
-857
-834
-812
-792
-774
-757
-742
-728
-716
-706
-698
-691
-687
-684
-683
-683
-683
-683
-682
-682
-681
-681
-680
-679
-678
-678
-677
-675
-674
-673
-672
-670
-669
-668
-666
-665
-663
-661
-660
-658
-656
-655
-653
-651
-649
-648
-646
-644
-642
-641
-639
-637
-636
-634
-632
-631
-630
-628
-627
-626
-624
-623
-622
-621
-620
-619
-619
-618
-617
-617
-616
-616
-616
-616
-616
-615
-614
-611
-607
-603
-597
-591
-583
-574
-565
-555
-543
-531
-518
-505
-490
-475
-460
-443
-426
-409
-391
-373
-354
-335
-316
-296
-277
-257
-237
-217
-198
-178
-159
-139
-120
-102
-83
-65
-48
-31
-15
0
15
29
43
56
68
79
89
99
107
115
122
127
132
136
138
140
140
140
139
137
134
131
127
123
118
112
105
98
91
82
73
64
54
44
33
22
10
-1
-13
-26
-39
-52
-65
-78
-92
-105
-119
-132
-146
-160
-173
-186
-199
-212
-225
-237
-249
-261
-272
-283
-293
-303
-312
-321
-329
-337
-344
-351
-356
-362
-366
-370
-373
-376
-377
-379
-379
-380
-384
-390
-399
-410
-424
-440
-459
-480
-503
-528
-556
-585
-617
-650
-685
-722
-761
-801
-842
-885
-928
-973
-1019
-1065
-1113
-1160
-1208
-1257
-1305
-1354
-1402
-1450
-1498
-1545
-1591
-1637
-1682
-1726
-1768
-1810
-1850
-1888
-1925
-1960
-1993
-2025
-2054
-2082
-2107
-2130
-2151
-2170
-2186
-2200
-2211
-2220
-2226
-2230
-2231
-2228
-2218
-2201
-2177
-2147
-2111
-2067
-2018
-1962
-1901
-1833
-1760
-1681
-1597
-1508
-1415
-1316
-1214
-1107
-997
-884
-767
-648
-526
-402
-276
-149
-21
107
236
365
494
622
749
875
999
1120
1240
1356
1470
1580
1687
1789
1887
1981
2070
2154
2233
2306
2373
2435
2491
2540
2583
2620
2650
2674
2690
2701
2704
2701
2693
2679
2659
2635
2604
2569
2528
2482
2431
2375
2315
2250
2181
2107
2030
1949
1864
1776
1685
1592
1495
1397
1296
1194
1090
985
880
773
667
560
454
348
243
139
37
-62
-161
-257
-351
-442
-530
-614
-696
-773
-846
-916
-981
-1041
-1097
-1148
-1193
-1234
-1270
-1300
-1325
-1345
-1358
-1367
-1370
-1368
-1363
-1356
-1345
-1331
-1315
-1295
-1272
-1247
-1219
-1188
-1155
-1119
-1081
-1040
-997
-953
-906
-857
-807
-755
-702
-648
-592
-536
-478
-420
-362
-303
-244
-186
-127
-68
-10
46
102
158
212
265
317
367
416
463
508
550
591
629
665
698
729
757
783
805
825
841
855
866
874
878
880
879
876
871
864
855
844
832
817
801
783
763
741
718
693
667
640
611
581
549
517
484
449
414
378
342
305
268
230
192
154
116
78
41
3
-33
-69
-105
-140
-174
-208
-240
-272
-302
-331
-358
-384
-409
-432
-454
-473
-492
-508
-522
-535
-546
-555
-562
-567
-570
-571
-571
-571
-571
-572
-573
-574
-575
-576
-577
-578
-580
-582
-584
-586
-588
-590
-592
-595
-597
-600
-603
-605
-608
-611
-614
-617
-620
-623
-626
-629
-632
-635
-638
-641
-644
-647
-650
-653
-656
-658
-661
-663
-666
-668
-670
-672
-674
-676
-678
-680
-681
-682
-684
-685
-685
-686
-687
-687
-687
-687
-687
-684
-680
-674
-667
-658
-648
-636
-622
-608
-591
-574
-555
-534
-513
-490
-466
-442
-416
-389
-362
-334
-305
-276
-246
-215
-185
-154
-123
-91
-60
-29
1
32
62
92
121
150
178
206
232
258
283
306
329
351
371
390
407
424
439
452
464
474
483
491
496
500
503
504
503
503
502
501
499
498
495
493
490
487
484
480
476
472
467
463
458
452
447
442
436
430
424
418
412
405
399
393
386
380
373
367
360
354
347
341
335
329
323
318
312
307
302
297
292
287
283
279
276
272
269
266
264
262
260
258
257
256
256
256
255
254
252
249
245
240
235
228
221
213
205
195
185
175
163
151
139
126
112
98
83
68
53
38
22
6
-9
-26
-42
-59
-75
-92
-108
-124
-140
-156
-172
-187
-202
-216
-230
-244
-257
-270
-282
-293
-304
-314
-323
-332
-340
-347
-353
-359
-363
-367
-370
-372
-374
-374
-373
-372
-368
-364
-359
-352
-344
-335
-325
-313
-301
-288
-273
-258
-242
-224
-206
-188
-168
-148
-127
-106
-84
-61
-39
-16
7
30
54
77
101
125
148
172
195
217
240
262
283
304
324
343
362
380
397
414
429
444
457
469
481
491
500
508
515
520
524
527
529
530
529
528
525
521
516
510
503
494
485
475
464
452
440
426
412
397
382
366
350
333
316
299
282
265
247
230
213
196
179
163
147
132
117
103
90
77
65
54
44
35
27
20
14
9
5
2
0
0
