949
0
0
3
6
12
18
27
36
47
60
74
89
105
123
142
162
183
205
228
252
276
302
328
355
382
410
438
466
495
524
553
582
611
640
668
696
724
751
778
804
830
855
879
901
924
945
965
983
1001
1017
1033
1046
1059
1070
1080
1088
1095
1100
1104
1106
1107
1106
1104
1101
1096
1090
1083
1074
1064
1053
1041
1027
1013
997
980
962
944
924
904
882
861
838
815
791
766
742
717
691
666
640
614
589
563
537
512
487
462
438
414
391
368
346
325
304
285
266
248
232
216
201
188
176
165
155
146
139
133
128
125
123
122
122
122
121
121
121
120
120
119
118
117
116
115
114
113
111
110
108
107
105
104
102
100
98
97
95
93
91
89
87
85
83
81
79
78
76
74
72
70
69
67
65
64
62
61
59
58
57
55
54
53
52
52
51
50
50
49
49
49
49
48
49
51
53
57
62
68
75
83
92
102
113
125
138
152
166
181
197
214
231
249
268
287
306
326
346
367
387
408
429
450
471
492
513
534
554
574
594
614
633
651
669
686
703
719
734
749
762
775
787
798
808
817
825
832
838
843
847
850
851
852
852
854
856
860
864
869
875
882
890
898
908
918
929
941
953
966
980
994
1009
1024
1040
1056
1073
1090
1107
1125
1143
1161
1179
1197
1215
1233
1251
1268
1286
1303
1320
1337
1353
1369
1384
1399
1413
1427
1440
1453
1464
1475
1486
1495
1504
1511
1518
1524
1529
1534
1537
1539
1541
1541
1539
1532
1520
1504
1484
1458
1429
1395
1357
1314
1268
1218
1164
1106
1045
981
913
843
770
694
616
536
455
371
286
200
113
25
-63
-151
-240
-328
-416
-504
-590
-675
-758
-840
-920
-998
-1074
-1147
-1217
-1285
-1349
-1410
-1468
-1522
-1572
-1618
-1660
-1699
-1733
-1762
-1787
-1808
-1824
-1836
-1843
-1845
-1844
-1842
-1838
-1833
-1826
-1818
-1808
-1797
-1784
-1770
-1755
-1738
-1720
-1701
-1681
-1659
-1637
-1614
-1590
-1565
-1539
-1512
-1485
-1458
-1429
-1401
-1372
-1343
-1314
-1284
-1255
-1226
-1196
-1168
-1139
-1111
-1083
-1056
-1030
-1004
-979
-955
-931
-909
-888
-867
-848
-831
-814
-799
-785
-772
-761
-751
-743
-736
-730
-727
-724
-723
-722
-716
-707
-694
-678
-658
-634
-607
-577
-543
-506
-467
-424
-378
-330
-278
-225
-169
-111
-51
10
73
138
205
272
341
410
480
550
620
691
761
831
900
968
1036
1102
1167
1231
1293
1353
1411
1467
1520
1571
1620
1665
1708
1748
1785
1819
1849
1876
1899
1919
1936
1949
1958
1963
1965
1965
1965
1965
1966
1966
1967
1967
1968
1968
1969
1970
1971
1972
1973
1974
1975
1976
1978
1979
1980
1982
1983
1985
1986
1988
1989
1991
1992
1994
1996
1997
1999
2000
2002
2004
2005
2007
2008
2010
2011
2012
2014
2015
2016
2017
2018
2019
2020
2021
2022
2023
2024
2024
2025
2025
2026
2026
2026
2026
2026
2025
2023
2019
2014
2007
1998
1988
1976
1963
1949
1933
1916
1898
1878
1857
1835
1812
1788
1763
1738
1711
1684
1656
1627
1598
1569
1539
1509
1479
1449
1419
1389
1359
1329
1300
1271
1242
1214
1187
1160
1135
1110
1086
1063
1041
1020
1000
982
965
949
935
922
910
900
891
884
879
875
873
872
871
870
867
863
858
852
845
837
828
818
807
795
783
769
755
739
723
707
690
672
653
634
615
595
575
555
534
514
493
472
451
430
409
389
368
348
328
309
290
272
254
237
220
204
189
174
161
148
136
125
115
106
98
91
85
80
77
74
72
72
72
72
73
75
76
78
81
84
87
90
94
98
103
108
113
118
124
130
136
142
148
155
162
169
176
183
190
198
205
212
220
227
234
242
249
256
263
269
276
283
289
295
301
306
312
317
322
326
330
334
338
341
344
346
348
350
351
352
353
353
354
357
363
370
380
392
406
422
440
460
482
505
531
558
587
617
649
682
717
752
789
827
865
905
945
985
1027
1068
1110
1151
1193
1235
1276
1317
1358
1398
1438
1476
1514
1551
1586
1621
1654
1686
1716
1745
1772
1797
1821
1843
1863
1881
1897
1911
1923
1933
1940
1946
1949
1950
1950
1951
1952
1953
1954
1956
1958
1961
1963
1966
1970
1973
1977
1982
1986
1991
1996
2001
2006
2011
2017
2023
2029
2035
2041
2047
2054
2060
2066
2073
2079
2086
2092
2098
2105
2111
2117
2123
2129
2134
2140
2145
2150
2155
2160
2164
2168
2172
2176
2179
2182
2185
2188
2190
2192
2193
2194
2195
2196
2196
2194
2188
2178
2164
2146
957
-2261
-6654
-11049
-14279
-15489
-14362
-11214
-6901
-2589
549
1659
2463
4821
8256
12071
15503
17853
18647
17405
14137
9701
5261
1992
748
672
597
522
447
373
301
229
159
91
24
-39
-102
-162
-220
-275
-327
-376
-422
-465
-505
-541
-574
-603
-628
-649
-667
-681
-691
-697
-699
-698
-696
-692
-687
-680
-672
-663
-652
-640
-626
-612
-596
-580
-562
-543
-524
-504
-483
-461
-440
-1585
-4757
-9098
-13437
-16608
-17755
-16563
-13347
-8963
-4577
-1362
-174
708
3147
6664
10563
14079
16513
17393
16235
13051
8699
4343
1156
-6
-2
0
0
