4.240000
4.500000
4.000000
1.270000
0.810000
0.120000
0.350000
10.000000
22
0.000000
0.200000
0.226200
0.331800
0.407700
0.499100
0.584600
0.626900
0.709700
0.876400
1.076400
1.174500
1.212300
1.388900
1.535900
1.735900
1.846000
1.872500
2.007000
2.091600
2.137600
2.207700
1.000000
1.000000
1.000000
1.000000
1.000000
1.000000
1.000000
1.000000
1.000000
1.000000
1.000000
1.000000
1.000000
1.000000
1.000000
1.000000
1.000000
1.000000
1.000000
1.000000
1.000000
1.000000
0.000000
0.000000
0.000000
0.000000
0.000000
0.000000
0.000000
0.000000
0.000000
0.000000
0.000000
0.000000
0.000000
1.000000
1.000000
1.000000
1.000000
1.000000
1.000000
1.000000
1.000000
1.000000
61
0.000000
-0.582698
-2.110204
-3.998099
-5.526751
-6.111741
-6.114033
-6.116897
-6.120335
-6.123773
-6.127784
-6.132367
-6.136951
-6.142108
-6.147264
-6.153567
-6.159296
-6.165599
-6.172474
-6.179350
-6.186798
-6.193674
-6.201695
-6.209144
-6.217165
-6.225186
-6.233208
-6.241802
-6.249824
-6.258418
-6.267012
-6.275034
-6.283628
-6.292223
-6.300244
-5.413878
-3.262995
-1.111538
-0.225745
-0.233194
-0.240642
-0.247518
-0.254393
-0.261269
-0.267571
-0.273874
-0.279603
-0.284760
-0.289917
-0.295073
-0.299084
-0.303095
-0.307105
-0.309970
-0.312835
-0.315127
-0.317419
-0.318565
-0.319710
-0.320283
0.000000
0.000000
-0.582698
-2.110204
-3.998099
-5.526751
-6.111741
-6.114033
-6.116897
-6.120335
-6.123773
-6.127784
-6.132367
-6.136951
-6.142108
-6.147264
-6.153567
-6.159296
-6.165599
-6.172474
-6.179350
-6.186798
-6.193674
-6.201695
-6.209144
-6.217165
-6.225186
-6.233208
-6.241802
-6.249824
-6.258418
-6.267012
-6.275034
-6.283628
-6.292223
-6.300244
-5.413878
-3.262995
-1.111538
-0.225745
-0.233194
-0.240642
-0.247518
-0.254393
-0.261269
-0.267571
-0.273874
-0.279603
-0.284760
-0.289917
-0.295073
-0.299084
-0.303095
-0.307105
-0.309970
-0.312835
-0.315127
-0.317419
-0.318565
-0.319710
-0.320283
0.000000
0.000000
-0.194233
-0.704165
-1.334992
-1.846643
-2.044886
-2.048897
-2.054054
-2.059783
-2.066659
-2.074107
-2.081556
-2.090723
-2.099890
-2.109631
-2.119944
-2.131403
-2.142862
-2.154894
-2.167499
-2.180677
-2.193855
-2.207606
-2.221930
-2.236254
-2.250578
-2.265475
-2.280372
-2.295842
-2.310739
-2.326209
-2.341106
-2.356575
-2.371472
-2.386369
-2.102755
-1.398590
-0.693279
-0.409092
-0.422843
-0.436594
-0.449199
-0.461804
-0.473836
-0.485868
-0.496754
-0.507068
-0.517381
-0.526548
-0.535143
-0.543164
-0.550039
-0.556915
-0.562645
-0.567801
-0.572385
-0.575823
-0.578687
-0.580406
-0.581552
0.000000
0.000000
-0.194233
-0.704165
-1.334992
-1.846643
-2.044886
-2.048897
-2.054054
-2.059783
-2.066659
-2.074107
-2.081556
-2.090723
-2.099890
-2.109631
-2.119944
-2.131403
-2.142862
-2.154894
-2.167499
-2.180677
-2.193855
-2.207606
-2.221930
-2.236254
-2.250578
-2.265475
-2.280372
-2.295842
-2.310739
-2.326209
-2.341106
-2.356575
-2.371472
-2.386369
-2.102755
-1.398590
-0.693279
-0.409092
-0.422843
-0.436594
-0.449199
-0.461804
-0.473836
-0.485868
-0.496754
-0.507068
-0.517381
-0.526548
-0.535143
-0.543164
-0.550039
-0.556915
-0.562645
-0.567801
-0.572385
-0.575823
-0.578687
-0.580406
-0.581552
0.000000
0.000000
0.000000
0.000000
-0.000573
-0.001719
-0.002865
-0.004011
-0.005730
-0.007448
-0.009740
-0.012032
-0.014324
-0.017189
-0.020054
-0.023491
-0.026356
-0.029794
-0.033805
-0.037242
-0.041253
-0.045264
-0.049847
-0.053858
-0.058442
-0.063025
-0.067609
-0.072193
-0.076776
-0.081933
-0.086517
-0.091100
-0.096257
-0.100841
-0.105997
-0.110581
-0.115165
-0.119748
-0.124332
-0.128916
-0.132926
-0.136937
-0.141521
-0.145531
-0.148969
-0.152980
-0.156417
-0.159282
-0.162720
-0.165585
-0.168450
-0.170741
-0.173033
-0.175325
-0.177044
-0.178763
-0.179909
-0.181055
-0.182201
-0.182774
-0.182774
0.000000
0.000000
-0.000573
-0.002865
-0.006303
-0.011459
-0.018335
-0.026356
-0.035523
-0.046410
-0.058442
-0.072193
-0.087090
-0.103132
-0.120321
-0.138656
-0.158136
-0.178763
-0.200535
-0.222881
-0.246372
-0.270436
-0.295073
-0.320856
-0.347212
-0.373568
-0.401070
-0.428572
-0.456647
-0.484722
-0.512797
-0.540872
-0.569520
-0.597595
-0.625670
-0.653745
-0.681247
-0.708176
-0.735105
-0.761461
-0.786671
-0.811881
-0.835945
-0.859437
-0.881782
-0.903554
-0.923608
-0.943661
-0.961996
-0.979185
-0.995228
-1.010125
-1.023303
-1.035908
-1.046221
-1.055961
-1.063983
-1.070858
-1.076015
-1.079452
-1.081744
0.000000
61
0.000000
0.000000
-0.001719
-0.004011
-0.007448
-0.011459
-0.016616
-0.022345
-0.029221
-0.037242
-0.045837
-0.055004
-0.064744
-0.075630
-0.087090
-0.099122
-0.111727
-0.124332
-0.138083
-0.151834
-0.166158
-0.180482
-0.195379
-0.210276
-0.225172
-0.240642
-0.255539
-0.270436
-0.285333
-0.300230
-0.314554
-0.328878
-0.343202
-0.356380
-0.369558
-0.382163
-0.393622
-0.405081
-0.415967
-0.425708
-0.435448
-0.443469
-0.451491
-0.458366
-0.464096
-0.469252
-0.473836
-0.476701
-0.478993
-0.480712
-0.481285
-0.469252
-0.435448
-0.382163
-0.314554
-0.240642
-0.166158
-0.099122
-0.045837
-0.011459
0.000000
0.000000
0.000000
-0.001719
-0.004011
-0.007448
-0.011459
-0.016616
-0.022345
-0.029221
-0.037242
-0.045837
-0.055004
-0.064744
-0.075630
-0.087090
-0.099122
-0.111727
-0.124332
-0.138083
-0.151834
-0.166158
-0.180482
-0.195379
-0.210276
-0.225172
-0.240642
-0.255539
-0.270436
-0.285333
-0.300230
-0.314554
-0.328878
-0.343202
-0.356380
-0.369558
-0.382163
-0.393622
-0.405081
-0.415967
-0.425708
-0.435448
-0.443469
-0.451491
-0.458366
-0.464096
-0.469252
-0.473836
-0.476701
-0.478993
-0.480712
-0.481285
-0.469252
-0.435448
-0.382163
-0.314554
-0.240642
-0.166158
-0.099122
-0.045837
-0.011459
0.000000
0.000000
0.000000
0.000573
0.001719
0.003438
0.005730
0.008021
0.011459
0.014897
0.018908
0.022918
0.027502
0.032659
0.038388
0.044118
0.049847
0.056723
0.063025
0.069901
0.076776
0.084225
0.091673
0.099122
0.106570
0.114019
0.122040
0.129488
0.137510
0.144958
0.152407
0.159855
0.166731
0.174179
0.181055
0.187357
0.193660
0.199962
0.205692
0.210848
0.216005
0.220589
0.225172
0.229183
0.232621
0.235486
0.238350
0.240069
0.241788
0.242934
0.244080
0.244080
0.238350
0.220589
0.193660
0.159855
0.122040
0.084225
0.049847
0.022918
0.005730
0.000000
0.000000
0.000000
0.000573
0.001719
0.003438
0.005730
0.008021
0.011459
0.014897
0.018908
0.022918
0.027502
0.032659
0.038388
0.044118
0.049847
0.056723
0.063025
0.069901
0.076776
0.084225
0.091673
0.099122
0.106570
0.114019
0.122040
0.129488
0.137510
0.144958
0.152407
0.159855
0.166731
0.174179
0.181055
0.187357
0.193660
0.199962
0.205692
0.210848
0.216005
0.220589
0.225172
0.229183
0.232621
0.235486
0.238350
0.240069
0.241788
0.242934
0.244080
0.244080
0.238350
0.220589
0.193660
0.159855
0.122040
0.084225
0.049847
0.022918
0.005730
0.000000
0.000000
0.001146
0.006303
0.014897
0.026356
0.041826
0.059588
0.081360
0.105424
0.132926
0.163293
0.196525
0.232048
0.269863
0.310543
0.352942
0.397060
0.443469
0.491598
0.540872
0.591292
0.643432
0.695571
0.748856
0.802714
0.855999
0.909857
0.963715
1.017000
1.069139
1.120705
1.171699
1.220973
1.269102
1.314938
1.359629
1.402028
1.442708
1.480523
1.516046
1.549278
1.579645
1.606574
1.631211
1.652410
1.670745
1.685642
1.697674
1.705695
1.710852
1.712571
1.670745
1.549278
1.359629
1.120705
0.855999
0.591292
0.352942
0.163293
0.041826
0.000000
0.000000
0.000000
-0.001146
-0.002292
-0.004584
-0.007448
-0.010313
-0.014324
-0.018908
-0.023491
-0.029221
-0.034950
-0.041253
-0.048128
-0.055577
-0.063025
-0.071047
-0.079068
-0.087663
-0.096830
-0.105997
-0.115165
-0.124332
-0.134072
-0.143812
-0.153553
-0.162720
-0.172460
-0.182201
-0.191368
-0.200535
-0.209703
-0.218870
-0.227464
-0.235486
-0.243507
-0.250956
-0.258404
-0.265279
-0.271582
-0.277312
-0.283041
-0.287625
-0.292208
-0.296219
-0.299084
-0.301949
-0.304241
-0.305387
-0.306532
-0.307105
-0.299084
-0.277312
-0.243507
-0.200535
-0.153553
-0.105997
-0.063025
-0.029221
-0.007448
0.000000
