4.240000
4.500000
4.000000
1.270000
0.810000
0.120000
0.350000
10.000000
372
0.000000
0.220000
0.281900
0.360000
0.403600
0.472400
0.598200
0.667800
0.717800
0.766700
0.827300
0.886500
0.953700
1.054100
1.128300
1.215100
1.371200
1.432000
1.553200
1.782500
2.222500
2.346100
2.428700
2.528800
2.601000
2.676300
2.746800
2.834800
2.890300
2.988200
3.111800
3.207500
3.262900
3.462800
3.682800
3.706800
3.813200
3.878600
3.910300
4.005400
4.078100
4.188900
4.243100
4.320800
4.370100
4.416700
4.464400
4.613100
4.652900
4.722400
4.774700
4.924700
5.019300
5.083001
5.193800
5.260601
5.368701
5.464100
5.568300
5.663900
5.712000
5.788200
5.870900
5.903800
5.965800
6.022000
6.061900
6.158999
6.277400
6.340700
6.371200
6.483700
6.609500
6.679100
6.739300
6.839600
6.884700
6.929600
6.991600
7.057000
7.097000
7.167500
7.284200
7.422000
7.505001
7.614301
7.682501
7.777001
7.923501
7.988701
8.050501
8.153701
8.241601
8.298901
8.370601
8.550601
8.632701
8.734501
8.918501
9.358500
9.382501
9.441801
9.537901
9.597201
9.676702
9.746402
9.867102
9.942801
10.085301
10.157601
10.191701
10.255301
10.355600
10.400500
10.430800
10.470700
10.626801
10.821100
10.940001
11.033100
11.253100
11.291901
11.343901
11.443201
11.506201
11.557601
11.631001
11.670601
11.746800
11.829500
11.862400
11.924400
11.988000
12.141200
12.200200
12.295800
12.335600
12.401999
12.455600
12.547600
12.674800
12.709800
12.760300
12.808300
12.873700
12.943100
12.963400
13.014400
13.102699
13.185200
13.235300
13.301100
13.370200
13.453700
13.508101
13.567401
13.682901
13.891802
13.984802
14.060602
14.500602
14.590102
14.641102
14.769702
14.889302
14.963702
15.006803
15.035703
15.104803
15.213303
15.305902
15.337603
15.408302
15.473702
15.531002
15.609502
15.699002
15.919003
15.943003
16.024202
16.094902
16.161602
16.211203
16.302202
16.428402
16.469103
16.502003
16.564003
16.632103
16.679804
16.790903
16.854902
16.901402
16.945002
17.002102
17.125702
17.214802
17.246502
17.325401
17.413401
17.468901
17.572401
17.787401
17.946301
18.386301
18.423201
18.474201
18.613201
18.723902
18.833403
18.910603
18.972403
19.137003
19.214104
19.434103
19.493402
19.580002
19.730602
19.837603
19.935503
19.986902
20.050703
20.127804
20.347803
20.403004
20.447704
20.584204
20.643503
20.723003
20.817003
20.870903
20.980204
21.049803
21.083902
21.149403
21.243902
21.369102
21.493303
21.586504
21.745403
22.185404
22.214304
22.320704
22.379604
22.448704
22.535303
22.755302
22.823103
22.888502
22.928303
22.994402
23.070702
23.243402
23.309202
23.372303
23.419003
23.462902
23.599401
23.814402
23.891502
24.331503
24.454103
24.519903
24.630703
24.684902
24.777502
24.809202
24.890802
24.991203
25.082804
25.143105
25.294504
25.342403
25.389503
25.504404
25.597504
25.817503
25.907003
25.962503
26.040804
26.073105
26.119604
26.160004
26.197905
26.304104
26.374804
26.467703
26.535902
26.630402
26.764002
26.832302
26.902702
27.342703
27.379602
27.434402
27.579502
27.636803
27.703003
27.777502
27.909702
27.938902
28.042902
28.102901
28.160202
28.210802
28.300303
28.520302
28.589401
28.656200
28.680201
28.786600
28.853600
28.877600
28.946699
29.055199
29.105000
29.137899
29.199900
29.245300
29.329500
29.423500
29.470100
29.540100
29.659401
29.710402
29.832602
29.969902
30.092102
30.201403
30.327803
30.407602
30.463102
30.503803
30.551804
30.603804
30.636105
30.736204
30.799204
30.880104
30.991604
31.150305
31.201605
31.258205
31.376106
31.517305
31.676205
31.775105
31.959105
32.399105
32.436005
32.487003
32.614502
32.718601
32.814102
32.848202
32.900002
32.940903
33.010002
33.174603
33.251701
33.471703
33.531002
33.610500
33.746899
33.796898
33.873096
33.968098
34.041100
34.075199
34.158398
34.239697
34.333698
1.000000
1.000000
1.000000
1.000000
1.000000
1.000000
1.000000
1.000000
1.000000
1.000000
1.000000
1.000000
1.000000
1.000000
1.000000
1.000000
1.000000
1.000000
1.000000
1.000000
1.000000
1.000000
1.000000
1.000000
1.000000
1.000000
1.000000
1.000000
1.000000
1.000000
1.000000
1.000000
1.000000
1.000000
1.000000
1.000000
1.000000
1.000000
1.000000
1.000000
1.000000
1.000000
0.000000
0.000000
0.000000
0.000000
0.000000
0.000000
0.000000
0.000000
0.000000
0.000000
0.000000
0.000000
1.000000
1.000000
1.000000
1.000000
1.000000
1.000000
1.000000
1.000000
1.000000
1.000000
1.000000
1.000000
1.000000
1.000000
1.000000
1.000000
1.000000
1.000000
1.000000
1.000000
1.000000
1.000000
1.000000
1.000000
1.000000
1.000000
1.000000
1.000000
1.000000
1.000000
1.000000
1.000000
1.000000
1.000000
1.000000
1.000000
1.000000
1.000000
1.000000
1.000000
1.000000
1.000000
1.000000
1.000000
1.000000
1.000000
1.000000
1.000000
0.000000
0.000000
0.000000
0.000000
0.000000
0.000000
0.000000
1.000000
1.000000
1.000000
1.000000
1.000000
1.000000
1.000000
1.000000
1.000000
1.000000
1.000000
1.000000
1.000000
1.000000
1.000000
1.000000
1.000000
1.000000
1.000000
1.000000
1.000000
1.000000
1.000000
1.000000
1.000000
1.000000
1.000000
1.000000
1.000000
1.000000
1.000000
1.000000
1.000000
1.000000
1.000000
1.000000
1.000000
1.000000
1.000000
1.000000
1.000000
1.000000
1.000000
1.000000
1.000000
1.000000
1.000000
1.000000
1.000000
1.000000
1.000000
0.000000
0.000000
0.000000
0.000000
0.000000
0.000000
0.000000
0.000000
0.000000
0.000000
0.000000
0.000000
1.000000
1.000000
1.000000
1.000000
1.000000
1.000000
1.000000
1.000000
1.000000
1.000000
1.000000
1.000000
1.000000
1.000000
1.000000
1.000000
1.000000
1.000000
1.000000
1.000000
1.000000
1.000000
1.000000
1.000000
1.000000
1.000000
1.000000
1.000000
1.000000
1.000000
1.000000
1.000000
1.000000
1.000000
1.000000
1.000000
1.000000
1.000000
1.000000
1.000000
1.000000
1.000000
1.000000
1.000000
1.000000
1.000000
1.000000
1.000000
1.000000
1.000000
1.000000
1.000000
0.000000
0.000000
0.000000
0.000000
0.000000
0.000000
0.000000
0.000000
0.000000
0.000000
0.000000
0.000000
0.000000
1.000000
1.000000
1.000000
1.000000
1.000000
1.000000
1.000000
1.000000
1.000000
1.000000
1.000000
1.000000
1.000000
1.000000
1.000000
1.000000
1.000000
1.000000
1.000000
1.000000
1.000000
1.000000
1.000000
1.000000
1.000000
1.000000
1.000000
1.000000
1.000000
1.000000
1.000000
1.000000
1.000000
1.000000
1.000000
1.000000
1.000000
1.000000
1.000000
0.000000
0.000000
0.000000
0.000000
0.000000
0.000000
0.000000
0.000000
0.000000
0.000000
0.000000
0.000000
0.000000
0.000000
0.000000
1.000000
1.000000
1.000000
1.000000
1.000000
1.000000
1.000000
1.000000
1.000000
1.000000
1.000000
1.000000
1.000000
1.000000
1.000000
1.000000
1.000000
1.000000
1.000000
1.000000
1.000000
1.000000
1.000000
1.000000
1.000000
1.000000
1.000000
1.000000
1.000000
1.000000
1.000000
1.000000
1.000000
1.000000
1.000000
1.000000
1.000000
1.000000
1.000000
1.000000
1.000000
1.000000
1.000000
1.000000
1.000000
1.000000
1.000000
1.000000
1.000000
1.000000
1.000000
1.000000
1.000000
1.000000
0.000000
0.000000
0.000000
0.000000
0.000000
0.000000
0.000000
0.000000
0.000000
0.000000
0.000000
0.000000
0.000000
0.000000
0.000000
0.000000
0.000000
0.000000
0.000000
1.000000
1.000000
1.000000
1.000000
1.000000
1.000000
1.000000
1.000000
0.000000
0.000000
0.000000
0.000000
0.000000
0.000000
0.000000
0.000000
0.000000
0.000000
0.000000
0.000000
0.000000
0.000000
0.000000
0.000000
0.000000
0.000000
0.000000
0.000000
0.000000
0.000000
1.000000
1.000000
1.000000
1.000000
1.000000
1.000000
1.000000
1.000000
1.000000
1.000000
1.000000
1.000000
1.000000
1.000000
1.000000
1.000000
1.000000
1.000000
1.000000
1.000000
1.000000
1.000000
1.000000
1.000000
1.000000
1.000000
1.000000
1.000000
1.000000
1.000000
1.000000
1.000000
1.000000
1.000000
1.000000
1.000000
1.000000
1.000000
1.000000
1.000000
1.000000
1.000000
1.000000
1.000000
1.000000
1.000000
1.000000
1.000000
1.000000
1.000000
1.000000
1.000000
1.000000
1.000000
1.000000
1.000000
1.000000
1.000000
1.000000
1.000000
1.000000
1.000000
0.000000
0.000000
0.000000
0.000000
0.000000
0.000000
0.000000
0.000000
0.000000
0.000000
0.000000
0.000000
1.000000
1.000000
1.000000
1.000000
1.000000
1.000000
1.000000
1.000000
1.000000
1.000000
1.000000
1.000000
1.000000
1.000000
1.000000
1.000000
1.000000
1.000000
1.000000
1.000000
1.000000
1.000000
1.000000
1.000000
1.000000
1.000000
1.000000
1.000000
1.000000
1.000000
1.000000
1.000000
1.000000
1.000000
1.000000
1.000000
1.000000
1.000000
1.000000
1.000000
1.000000
1.000000
1.000000
1.000000
1.000000
1.000000
1.000000
1.000000
1.000000
1.000000
1.000000
1.000000
1.000000
1.000000
1.000000
0.000000
0.000000
0.000000
0.000000
0.000000
0.000000
0.000000
0.000000
0.000000
0.000000
0.000000
0.000000
0.000000
0.000000
1.000000
1.000000
1.000000
1.000000
1.000000
1.000000
1.000000
1.000000
1.000000
1.000000
1.000000
1.000000
1.000000
1.000000
1.000000
1.000000
1.000000
1.000000
1.000000
1.000000
1.000000
1.000000
1.000000
1.000000
1.000000
1.000000
1.000000
1.000000
1.000000
1.000000
1.000000
1.000000
1.000000
1.000000
1.000000
1.000000
1.000000
1.000000
1.000000
1.000000
1.000000
1.000000
1.000000
1.000000
1.000000
1.000000
1.000000
1.000000
1.000000
1.000000
1.000000
1.000000
0.000000
0.000000
0.000000
0.000000
0.000000
0.000000
0.000000
0.000000
0.000000
0.000000
0.000000
0.000000
0.000000
0.000000
0.000000
0.000000
0.000000
1.000000
1.000000
1.000000
1.000000
1.000000
1.000000
1.000000
1.000000
1.000000
1.000000
1.000000
1.000000
1.000000
1.000000
1.000000
1.000000
1.000000
1.000000
1.000000
1.000000
1.000000
1.000000
1.000000
1.000000
1.000000
1.000000
1.000000
1.000000
1.000000
1.000000
1.000000
1.000000
1.000000
1.000000
1.000000
1.000000
1.000000
1.000000
1.000000
1.000000
1.000000
1.000000
1.000000
1.000000
1.000000
1.000000
0.000000
0.000000
0.000000
0.000000
0.000000
0.000000
0.000000
0.000000
0.000000
0.000000
0.000000
0.000000
0.000000
0.000000
0.000000
0.000000
0.000000
0.000000
0.000000
0.000000
0.000000
0.000000
0.000000
1.000000
1.000000
1.000000
1.000000
1.000000
1.000000
1.000000
1.000000
1.000000
1.000000
1.000000
1.000000
1.000000
1.000000
1.000000
1.000000
1.000000
1.000000
1.000000
1.000000
1.000000
1.000000
1.000000
1.000000
1.000000
1.000000
1.000000
1.000000
1.000000
1.000000
1.000000
1.000000
1.000000
1.000000
1.000000
1.000000
1.000000
1.000000
1.000000
1.000000
1.000000
1.000000
1.000000
1.000000
1.000000
1.000000
1.000000
1.000000
1.000000
1.000000
1.000000
0.000000
0.000000
0.000000
0.000000
0.000000
0.000000
0.000000
0.000000
0.000000
0.000000
0.000000
0.000000
0.000000
0.000000
0.000000
0.000000
0.000000
0.000000
870
0.000000
-0.594157
-2.150884
-4.075449
-5.631602
-6.224613
-6.222322
-6.220030
-6.216592
-6.213154
-6.209144
-6.205133
-6.200549
-6.195393
-6.190236
-6.184506
-6.178777
-6.172474
-6.166172
-6.159869
-6.152994
-6.145545
-6.138097
-6.130648
-6.123200
-6.115179
-6.107730
-6.099709
-6.091687
-6.083666
-6.075644
-6.067050
-6.059029
-6.051007
-6.042986
-6.035537
-6.027516
-6.020068
-6.012619
-6.005171
-5.998295
-5.990847
-5.984544
-5.978242
-5.971939
-5.966210
-5.960480
-5.955323
-5.950167
-5.945583
-5.941572
-5.937562
-5.934124
-5.930686
-5.928394
-5.926102
-5.923811
-5.922665
-5.921519
-5.920946
-5.920946
-4.362501
-1.245610
0.313408
0.316846
0.321429
0.326586
0.332888
0.339764
0.347785
0.356380
0.366120
0.377006
0.387892
0.399925
0.413103
0.426281
0.440605
0.454928
0.470398
0.486441
0.502484
0.519100
0.536288
0.554050
0.571812
0.589574
0.607908
0.626243
0.645150
0.663485
0.681820
0.700727
0.719062
0.736824
0.755158
0.772920
0.790109
0.807298
0.824486
0.840529
0.856572
0.871469
0.886366
0.900690
0.913868
0.926473
0.938505
0.949964
0.960850
0.970018
0.979185
0.987206
0.994082
1.000384
1.005541
1.010125
1.013562
1.015854
1.017000
1.017573
1.017573
1.018146
1.018719
1.019865
1.020438
1.022157
1.023303
1.025021
1.026740
1.029032
1.031324
1.034189
1.036481
1.039345
1.042783
1.045648
1.049086
1.052523
1.056534
1.059972
1.063983
1.067993
1.072004
1.076588
1.080598
1.085182
1.089193
1.093776
1.098360
1.102371
1.106954
1.111538
1.115549
1.120132
1.124716
1.128727
1.132738
1.137321
1.141332
1.144770
1.148780
1.152218
1.155656
1.159094
1.162531
1.165396
1.168261
1.171126
1.173418
1.176282
1.178001
1.180293
1.182012
1.183158
1.184304
1.185450
1.186596
1.187169
1.187169
1.187169
1.187169
1.187169
1.186596
1.186023
1.185450
1.184304
1.183731
-0.374141
-3.491032
-5.050050
-5.051769
-5.053488
-5.055207
-5.057498
-5.059790
-5.061509
-5.064374
-5.066666
-5.068958
-5.071822
-5.074114
-5.076979
-5.079844
-5.082709
-5.085573
-5.089011
-5.091876
-5.094741
-5.097606
-5.101043
-5.103908
-5.106773
-5.110211
-5.113075
-5.115940
-4.301194
-2.669410
-1.855237
-1.862113
-1.875291
-1.887896
-1.895344
-1.894198
-1.887896
-1.876437
-1.860967
-1.842632
-1.823152
-1.804817
-1.788774
-1.776742
-1.769294
-1.767575
-1.746375
-1.725176
-1.705122
-1.681631
-1.658140
-1.635222
-1.611157
-1.588812
-1.569331
-1.553289
-1.546413
-1.525214
-1.525787
-1.522349
-1.522349
-1.535527
-1.531516
-1.529797
-1.552143
-1.564748
-1.581936
-1.602563
-1.626054
-1.650691
-1.678766
-1.706841
-1.737781
-1.771013
-1.815130
-1.842059
-1.869561
-1.917117
-1.968683
-2.003060
-2.032281
-2.067805
-2.121663
-2.169791
-2.202450
-2.250005
-2.290685
-2.330792
-2.384077
-2.422466
-2.452259
-2.479761
-2.514139
-2.561121
-2.596072
-2.625866
-2.660243
-2.679151
-2.708944
-2.733009
-2.754208
-2.772543
-2.789159
-2.802337
-2.812650
-2.819525
-2.823536
-2.824682
-2.822390
-2.818379
-2.811504
-2.800045
-2.792596
-2.770824
-2.747906
-2.737592
-2.719831
-2.701496
-2.684880
-2.667119
-2.645919
-2.627011
-2.607531
-2.587477
-2.566851
-2.546224
-2.526744
-2.496950
-2.478042
-2.457416
-2.434498
-2.411006
-2.388088
-2.363451
-2.339387
-2.315322
-2.293550
-2.268340
-2.243703
-2.219066
-2.195574
-2.172083
-2.147446
-2.123382
-2.100463
-4.694816
-7.289169
-7.276564
-7.263386
-7.250781
-7.238749
-7.226717
-7.215258
-7.203798
-7.192912
-7.182026
-7.171713
-7.162545
-7.153378
-7.144211
-7.136189
-7.128741
-7.121865
-7.115563
-7.109833
-7.104677
-7.100093
-7.096655
-7.093218
-7.090926
-7.089207
-7.088061
-7.088061
-7.087488
-7.087488
-7.086915
-7.085769
-7.084623
-7.083477
-7.081758
-7.079467
-7.077748
-7.075456
-7.072591
-7.069726
-7.066861
-7.063424
-1.495420
-1.485107
-1.475366
-1.466199
-1.453021
-1.444427
-1.433540
-1.422654
-1.411768
-1.400882
-1.390569
-1.381401
-1.370515
-1.360202
-1.349316
-1.339002
-1.328689
-1.318949
-1.310927
-1.300041
-1.286863
-1.275977
-1.269102
-1.258788
-1.248475
-1.239308
-1.230140
-1.222119
-1.212952
-1.204357
-1.197482
-1.188887
-1.180866
-1.174563
-1.164823
-1.159667
-1.152218
-1.146489
-1.140186
-1.133883
-1.128727
-1.123570
-1.119560
-1.112684
-1.109246
-1.105236
-1.101225
-1.095495
-1.090339
-1.082890
-1.074296
-1.066847
-1.055961
-1.046794
-1.035335
-1.023303
-1.010698
-0.997520
-0.983196
-0.967726
-0.952256
-0.936213
-0.920170
-0.901263
-0.884074
-0.866885
-0.847978
-0.826778
-0.806725
-0.788390
-0.769482
-0.748283
-0.726510
-0.707603
-0.689268
-0.669788
-0.649734
-0.628535
-0.607335
-0.585563
-0.564936
-0.544310
-0.524829
-0.506495
-0.490452
-0.472690
-0.454928
-0.438313
-0.422270
-0.405654
-0.391330
-0.377579
-0.362682
-0.350650
-0.339191
-0.327732
-0.316846
-0.307105
-0.299084
-0.292208
-0.285906
-0.279030
-0.273874
-0.271009
-0.267571
-0.265852
-0.264707
-0.263561
-0.261269
-0.259550
-0.258977
-0.258404
-0.257258
-0.256112
-0.256112
-0.255539
-0.254393
-0.253247
-0.253247
-3.236066
-6.220030
-6.220603
-6.221176
-6.221749
-6.222322
-6.222895
-6.223468
-6.224041
-6.224613
-6.225759
-6.226332
-6.226905
-6.227478
-6.228051
-6.229197
-6.229770
-6.230343
-6.230916
-6.232062
-6.232635
-6.233208
-6.233781
-6.234354
-6.234927
-6.236073
-6.236646
-6.237219
-6.237792
-6.238364
-6.238937
-6.239510
-6.239510
-6.240083
-6.240656
-4.746955
-1.759553
-0.266425
-0.266425
-0.267571
-0.268144
-0.268717
-0.269863
-0.270436
-0.271009
-0.271582
-0.271582
-0.273301
-0.272728
-0.270436
-0.266998
-0.262415
-0.257831
-0.252674
-0.246372
-0.239496
-0.231475
-0.222308
-0.211994
-0.199962
-0.187357
-0.174752
-0.160428
-0.147250
-0.132353
-0.116883
-0.100841
-0.084798
-0.068182
-0.051566
-0.032659
-0.014897
0.001146
0.019481
0.038388
0.056723
0.075057
0.093392
0.111727
0.130061
0.147823
0.165585
0.182774
0.201108
0.217151
0.231475
0.246372
0.262988
0.277312
0.291063
0.304241
0.316273
0.328305
0.339191
0.347785
0.356953
0.366693
0.372996
0.377579
0.381590
0.385601
0.390184
0.391903
0.393049
0.394768
0.394768
0.391903
0.387892
0.382163
0.376433
0.370131
0.364974
0.359817
0.356380
0.352942
0.347785
0.339191
0.333461
0.326586
0.320856
0.311689
0.304814
0.296219
0.288198
0.279030
0.270436
0.261269
0.252101
0.242934
0.233194
0.222881
0.214286
0.202254
0.193087
0.182774
0.174752
0.162147
0.150115
0.140948
0.130634
0.120894
0.111727
0.099122
0.089381
0.079068
0.067609
0.060734
0.050420
0.037242
0.024637
0.014324
0.007448
-0.001146
-0.009740
-0.019481
-0.028648
-0.037242
-0.046410
-5.686606
-5.688898
-5.691190
-5.692909
-5.694055
-5.695200
-5.695773
-5.696346
-5.696346
-5.696919
-5.697492
-5.698065
-5.699211
-5.700357
-5.702076
-5.704368
-5.706660
-5.708951
-5.712389
-5.715254
-5.718692
-5.722130
-5.726140
-5.730724
-5.734735
-5.739318
-5.744475
-5.749059
-5.754215
-5.759945
-5.765101
-5.770831
-5.776560
-5.782290
-5.788020
-5.794322
-5.800052
-5.806354
-5.812084
-5.818386
-5.824116
-5.830419
-5.836148
-5.842451
-5.848180
-5.853910
-5.859066
-5.864796
-5.869953
-5.875109
-5.880266
-5.884850
-5.889433
-0.705884
-0.721354
-0.737397
-0.745991
-0.763180
-0.784952
-0.806725
-0.823340
-0.830789
-0.846832
-0.861729
-0.877198
-0.890949
-0.905846
-0.921316
-0.936213
-0.951683
-0.968299
-0.986060
-1.000957
-1.029032
-1.046221
-1.070858
-1.094349
-1.120705
-1.147634
-1.175709
-1.205503
-1.236443
-1.267956
-1.300614
-1.333846
-1.369369
-1.406038
-1.438697
-1.487398
-1.521776
-1.561883
-1.596260
-1.647827
-1.683923
-1.717727
-1.771586
-1.824871
-1.860394
-1.899355
-1.956651
-1.996185
-2.036865
-2.097026
-2.137706
-2.178958
-2.240265
-2.280945
-2.329073
-2.376629
-2.424184
-2.471167
-2.520441
-2.568570
-2.616698
-2.657378
-2.723841
-2.762802
-2.812650
-2.852184
-2.920366
-2.958754
-3.009747
-3.059595
-3.092826
-3.164446
-3.234347
-3.264141
-3.317999
-3.371284
-3.427434
-3.470978
-3.559787
-3.602759
-3.645157
-3.732247
-3.774073
-3.771208
-3.771781
-3.771781
-3.768343
-3.704172
-3.582132
-3.517388
-3.440039
-3.264714
-3.088815
-3.010893
-2.971932
-2.876821
-2.733009
-2.550235
-2.343970
-2.127965
-1.921700
-1.738354
-1.592823
-1.496566
-1.455886
-1.334992
-1.226130
-1.116695
-1.044502
-0.912149
-0.840529
-0.762034
-0.684112
-0.629681
-0.532278
-0.478993
-0.416540
-6.390198
-6.381031
-6.371864
-6.363269
-6.355248
-6.347226
-6.340351
-6.333475
-6.327173
-6.321443
-6.316860
-6.312276
-6.308265
-6.304828
-6.301963
-6.299671
-6.298525
-6.297379
-6.296806
-6.296806
-6.296233
-6.295087
-6.293941
-6.292223
-6.289931
-6.287639
-6.285347
-6.282482
-6.279044
-6.276180
-6.272742
-6.268731
-6.265293
-6.261856
-6.257845
-6.254407
-6.250970
-6.248105
-6.244667
-6.241802
-6.239510
-6.236646
-6.234927
-6.233208
-6.232062
-6.230916
-6.230343
-6.230343
0.000000
-0.594157
-2.150884
-4.075449
-5.631602
-6.224613
-6.222322
-6.220030
-6.216592
-6.213154
-6.209144
-6.205133
-6.200549
-6.195393
-6.190236
-6.184506
-6.178777
-6.172474
-6.166172
-6.159869
-6.152994
-6.145545
-6.138097
-6.130648
-6.123200
-6.115179
-6.107730
-6.099709
-6.091687
-6.083666
-6.075644
-6.067050
-6.059029
-6.051007
-6.042986
-6.035537
-6.027516
-6.020068
-6.012619
-6.005171
-5.998295
-5.990847
-5.984544
-5.978242
-5.971939
-5.966210
-5.960480
-5.955323
-5.950167
-5.945583
-5.941572
-5.937562
-5.934124
-5.930686
-5.928394
-5.926102
-5.923811
-5.922665
-5.921519
-5.920946
-5.920946
-4.362501
-1.245610
0.313408
0.316846
0.321429
0.326586
0.332888
0.339764
0.347785
0.356380
0.366120
0.377006
0.387892
0.399925
0.413103
0.426281
0.440605
0.454928
0.470398
0.486441
0.502484
0.519100
0.536288
0.554050
0.571812
0.589574
0.607908
0.626243
0.645150
0.663485
0.681820
0.700727
0.719062
0.736824
0.755158
0.772920
0.790109
0.807298
0.824486
0.840529
0.856572
0.871469
0.886366
0.900690
0.913868
0.926473
0.938505
0.949964
0.960850
0.970018
0.979185
0.987206
0.994082
1.000384
1.005541
1.010125
1.013562
1.015854
1.017000
1.017573
1.017573
1.018146
1.018719
1.019865
1.020438
1.022157
1.023303
1.025021
1.026740
1.029032
1.031324
1.034189
1.036481
1.039345
1.042783
1.045648
1.049086
1.052523
1.056534
1.059972
1.063983
1.067993
1.072004
1.076588
1.080598
1.085182
1.089193
1.093776
1.098360
1.102371
1.106954
1.111538
1.115549
1.120132
1.124716
1.128727
1.132738
1.137321
1.141332
1.144770
1.148780
1.152218
1.155656
1.159094
1.162531
1.165396
1.168261
1.171126
1.173418
1.176282
1.178001
1.180293
1.182012
1.183158
1.184304
1.185450
1.186596
1.187169
1.187169
1.187169
1.187169
1.187169
1.186596
1.186023
1.185450
1.184304
1.183731
-0.374141
-3.491032
-5.050050
-5.051769
-5.053488
-5.055207
-5.057498
-5.059790
-5.061509
-5.064374
-5.066666
-5.068958
-5.071822
-5.074114
-5.076979
-5.079844
-5.082709
-5.085573
-5.089011
-5.091876
-5.094741
-5.097606
-5.101043
-5.103908
-5.106773
-5.110211
-5.113075
-5.115940
-4.301194
-2.669410
-1.855237
-1.862113
-1.875291
-1.887896
-1.895344
-1.894198
-1.887896
-1.876437
-1.860967
-1.842632
-1.823152
-1.804817
-1.788774
-1.776742
-1.769294
-1.767575
-1.746375
-1.725176
-1.705122
-1.681631
-1.658140
-1.635222
-1.611157
-1.588812
-1.569331
-1.553289
-1.546413
-1.525214
-1.525787
-1.522349
-1.522349
-1.535527
-1.531516
-1.529797
-1.552143
-1.564748
-1.581936
-1.602563
-1.626054
-1.650691
-1.678766
-1.706841
-1.737781
-1.771013
-1.815130
-1.842059
-1.869561
-1.917117
-1.968683
-2.003060
-2.032281
-2.067805
-2.121663
-2.169791
-2.202450
-2.250005
-2.290685
-2.330792
-2.384077
-2.422466
-2.452259
-2.479761
-2.514139
-2.561121
-2.596072
-2.625866
-2.660243
-2.679151
-2.708944
-2.733009
-2.754208
-2.772543
-2.789159
-2.802337
-2.812650
-2.819525
-2.823536
-2.824682
-2.822390
-2.818379
-2.811504
-2.800045
-2.792596
-2.770824
-2.747906
-2.737592
-2.719831
-2.701496
-2.684880
-2.667119
-2.645919
-2.627011
-2.607531
-2.587477
-2.566851
-2.546224
-2.526744
-2.496950
-2.478042
-2.457416
-2.434498
-2.411006
-2.388088
-2.363451
-2.339387
-2.315322
-2.293550
-2.268340
-2.243703
-2.219066
-2.195574
-2.172083
-2.147446
-2.123382
-2.100463
-4.694816
-7.289169
-7.276564
-7.263386
-7.250781
-7.238749
-7.226717
-7.215258
-7.203798
-7.192912
-7.182026
-7.171713
-7.162545
-7.153378
-7.144211
-7.136189
-7.128741
-7.121865
-7.115563
-7.109833
-7.104677
-7.100093
-7.096655
-7.093218
-7.090926
-7.089207
-7.088061
-7.088061
-7.087488
-7.087488
-7.086915
-7.085769
-7.084623
-7.083477
-7.081758
-7.079467
-7.077748
-7.075456
-7.072591
-7.069726
-7.066861
-7.063424
-1.495420
-1.485107
-1.475366
-1.466199
-1.453021
-1.444427
-1.433540
-1.422654
-1.411768
-1.400882
-1.390569
-1.381401
-1.370515
-1.360202
-1.349316
-1.339002
-1.328689
-1.318949
-1.310927
-1.300041
-1.286863
-1.275977
-1.269102
-1.258788
-1.248475
-1.239308
-1.230140
-1.222119
-1.212952
-1.204357
-1.197482
-1.188887
-1.180866
-1.174563
-1.164823
-1.159667
-1.152218
-1.146489
-1.140186
-1.133883
-1.128727
-1.123570
-1.119560
-1.112684
-1.109246
-1.105236
-1.101225
-1.095495
-1.090339
-1.082890
-1.074296
-1.066847
-1.055961
-1.046794
-1.035335
-1.023303
-1.010698
-0.997520
-0.983196
-0.967726
-0.952256
-0.936213
-0.920170
-0.901263
-0.884074
-0.866885
-0.847978
-0.826778
-0.806725
-0.788390
-0.769482
-0.748283
-0.726510
-0.707603
-0.689268
-0.669788
-0.649734
-0.628535
-0.607335
-0.585563
-0.564936
-0.544310
-0.524829
-0.506495
-0.490452
-0.472690
-0.454928
-0.438313
-0.422270
-0.405654
-0.391330
-0.377579
-0.362682
-0.350650
-0.339191
-0.327732
-0.316846
-0.307105
-0.299084
-0.292208
-0.285906
-0.279030
-0.273874
-0.271009
-0.267571
-0.265852
-0.264707
-0.263561
-0.261269
-0.259550
-0.258977
-0.258404
-0.257258
-0.256112
-0.256112
-0.255539
-0.254393
-0.253247
-0.253247
-3.236066
-6.220030
-6.220603
-6.221176
-6.221749
-6.222322
-6.222895
-6.223468
-6.224041
-6.224613
-6.225759
-6.226332
-6.226905
-6.227478
-6.228051
-6.229197
-6.229770
-6.230343
-6.230916
-6.232062
-6.232635
-6.233208
-6.233781
-6.234354
-6.234927
-6.236073
-6.236646
-6.237219
-6.237792
-6.238364
-6.238937
-6.239510
-6.239510
-6.240083
-6.240656
-4.746955
-1.759553
-0.266425
-0.266425
-0.267571
-0.268144
-0.268717
-0.269863
-0.270436
-0.271009
-0.271582
-0.271582
-0.273301
-0.272728
-0.270436
-0.266998
-0.262415
-0.257831
-0.252674
-0.246372
-0.239496
-0.231475
-0.222308
-0.211994
-0.199962
-0.187357
-0.174752
-0.160428
-0.147250
-0.132353
-0.116883
-0.100841
-0.084798
-0.068182
-0.051566
-0.032659
-0.014897
0.001146
0.019481
0.038388
0.056723
0.075057
0.093392
0.111727
0.130061
0.147823
0.165585
0.182774
0.201108
0.217151
0.231475
0.246372
0.262988
0.277312
0.291063
0.304241
0.316273
0.328305
0.339191
0.347785
0.356953
0.366693
0.372996
0.377579
0.381590
0.385601
0.390184
0.391903
0.393049
0.394768
0.394768
0.391903
0.387892
0.382163
0.376433
0.370131
0.364974
0.359817
0.356380
0.352942
0.347785
0.339191
0.333461
0.326586
0.320856
0.311689
0.304814
0.296219
0.288198
0.279030
0.270436
0.261269
0.252101
0.242934
0.233194
0.222881
0.214286
0.202254
0.193087
0.182774
0.174752
0.162147
0.150115
0.140948
0.130634
0.120894
0.111727
0.099122
0.089381
0.079068
0.067609
0.060734
0.050420
0.037242
0.024637
0.014324
0.007448
-0.001146
-0.009740
-0.019481
-0.028648
-0.037242
-0.046410
-5.686606
-5.688898
-5.691190
-5.692909
-5.694055
-5.695200
-5.695773
-5.696346
-5.696346
-5.696919
-5.697492
-5.698065
-5.699211
-5.700357
-5.702076
-5.704368
-5.706660
-5.708951
-5.712389
-5.715254
-5.718692
-5.722130
-5.726140
-5.730724
-5.734735
-5.739318
-5.744475
-5.749059
-5.754215
-5.759945
-5.765101
-5.770831
-5.776560
-5.782290
-5.788020
-5.794322
-5.800052
-5.806354
-5.812084
-5.818386
-5.824116
-5.830419
-5.836148
-5.842451
-5.848180
-5.853910
-5.859066
-5.864796
-5.869953
-5.875109
-5.880266
-5.884850
-5.889433
-0.705884
-0.721354
-0.737397
-0.745991
-0.763180
-0.784952
-0.806725
-0.823340
-0.830789
-0.846832
-0.861729
-0.877198
-0.890949
-0.905846
-0.921316
-0.936213
-0.951683
-0.968299
-0.986060
-1.000957
-1.029032
-1.046221
-1.070858
-1.094349
-1.120705
-1.147634
-1.175709
-1.205503
-1.236443
-1.267956
-1.300614
-1.333846
-1.369369
-1.406038
-1.438697
-1.487398
-1.521776
-1.561883
-1.596260
-1.647827
-1.683923
-1.717727
-1.771586
-1.824871
-1.860394
-1.899355
-1.956651
-1.996185
-2.036865
-2.097026
-2.137706
-2.178958
-2.240265
-2.280945
-2.329073
-2.376629
-2.424184
-2.471167
-2.520441
-2.568570
-2.616698
-2.657378
-2.723841
-2.762802
-2.812650
-2.852184
-2.920366
-2.958754
-3.009747
-3.059595
-3.092826
-3.164446
-3.234347
-3.264141
-3.317999
-3.371284
-3.427434
-3.470978
-3.559787
-3.602759
-3.645157
-3.732247
-3.774073
-3.771208
-3.771781
-3.771781
-3.768343
-3.704172
-3.582132
-3.517388
-3.440039
-3.264714
-3.088815
-3.010893
-2.971932
-2.876821
-2.733009
-2.550235
-2.343970
-2.127965
-1.921700
-1.738354
-1.592823
-1.496566
-1.455886
-1.334992
-1.226130
-1.116695
-1.044502
-0.912149
-0.840529
-0.762034
-0.684112
-0.629681
-0.532278
-0.478993
-0.416540
-6.390198
-6.381031
-6.371864
-6.363269
-6.355248
-6.347226
-6.340351
-6.333475
-6.327173
-6.321443
-6.316860
-6.312276
-6.308265
-6.304828
-6.301963
-6.299671
-6.298525
-6.297379
-6.296806
-6.296806
-6.296233
-6.295087
-6.293941
-6.292223
-6.289931
-6.287639
-6.285347
-6.282482
-6.279044
-6.276180
-6.272742
-6.268731
-6.265293
-6.261856
-6.257845
-6.254407
-6.250970
-6.248105
-6.244667
-6.241802
-6.239510
-6.236646
-6.234927
-6.233208
-6.232062
-6.230916
-6.230343
-6.230343
0.000000
-0.198243
-0.718489
-1.361348
-1.882739
-2.084420
-2.088431
-2.092442
-2.097598
-2.103328
-2.109058
-2.115933
-2.123382
-2.131403
-2.139997
-2.148592
-2.158332
-2.168072
-2.178386
-2.188699
-2.200158
-2.211617
-2.223076
-2.235108
-2.247140
-2.259746
-2.272351
-2.284956
-2.298134
-2.310739
-2.323917
-2.337095
-2.349700
-2.362878
-2.375483
-2.388088
-2.400120
-2.412725
-2.424757
-2.436217
-2.447676
-2.458562
-2.469448
-2.479761
-2.489502
-2.499242
-2.507836
-2.516431
-2.524452
-2.531328
-2.538203
-2.544506
-2.550235
-2.555392
-2.559402
-2.563413
-2.566278
-2.568570
-2.570289
-2.571435
-2.571435
-2.929533
-3.644585
-3.999245
-3.794699
-3.588435
-3.396494
-3.222888
-3.048708
-2.896302
-2.742176
-2.605812
-2.468875
-2.349700
-2.229952
-2.137706
-1.976131
-1.882166
-1.800806
-1.665015
-1.581936
-1.486253
-1.427811
-1.326397
-1.208368
-1.105236
-1.045075
-0.994655
-0.915587
-0.819903
-0.723646
-0.644578
-0.593584
-0.533424
-0.448053
-0.388465
-0.324294
-0.262415
-0.211421
-0.142094
-0.093392
-0.037815
0.005730
0.063598
0.104851
0.149542
0.193087
0.233767
0.272728
0.307105
0.344348
0.374714
0.397633
0.429145
0.460085
0.477274
0.496181
0.512797
0.527694
0.542591
0.548321
0.560353
0.572385
0.578114
0.585563
0.593584
0.601606
0.609627
0.617076
0.624524
0.631972
0.639421
0.645723
0.653745
0.660620
0.666923
0.673798
0.680101
0.685830
0.691560
0.697290
0.702446
0.705884
0.710468
0.714478
0.717916
0.721354
0.724219
0.726510
0.728229
0.729948
0.731094
0.731094
0.731094
0.731667
0.724219
0.723646
0.720781
0.717916
0.713905
0.711041
0.697290
0.693279
0.688122
0.671507
0.665204
0.655464
0.642286
0.628535
0.613638
0.598168
0.580979
0.562645
0.540299
0.523683
0.498473
0.472690
0.445188
0.416540
0.386747
0.363255
0.314554
0.289917
0.261269
0.203400
0.173606
0.126051
0.077922
-0.179909
-0.694998
-0.954548
-0.957412
-0.959704
-0.962569
-0.966007
-0.968872
-0.972309
-0.975747
-0.979758
-0.983769
-0.987779
-0.991790
-0.995801
-1.000384
-1.004395
-1.008979
-1.013562
-1.018146
-1.022730
-1.027886
-1.032470
-1.037054
-1.041637
-1.046221
-1.050805
-1.055388
-1.194617
-1.468491
-1.607147
-1.533235
-1.348743
-1.164250
-1.090339
-1.074296
-1.022730
-0.938505
-0.829643
-0.704165
-0.573531
-0.448053
-0.338045
-0.253247
-0.199962
-0.182774
-0.124905
-0.069901
-0.014897
0.028648
0.072193
0.114019
0.154699
0.194233
0.229183
0.261842
0.278457
0.314554
0.326586
0.340337
0.351796
0.350650
0.367266
0.382163
0.375860
0.374714
0.370704
0.362109
0.351223
0.340910
0.328878
0.312835
0.295073
0.276739
0.250956
0.233194
0.214859
0.186211
0.155272
0.128916
0.103705
0.077349
0.044691
0.011459
-0.017762
-0.050420
-0.083079
-0.115737
-0.150115
-0.183919
-0.217724
-0.250383
-0.282468
-0.313981
-0.345494
-0.377579
-0.408519
-0.441178
-0.469252
-0.500192
-0.529986
-0.557488
-0.584417
-0.609627
-0.636556
-0.661766
-0.685258
-0.707603
-0.729948
-0.750575
-0.768909
-0.788963
-0.800422
-0.826778
-0.851415
-0.858864
-0.874907
-0.890376
-0.905273
-0.918451
-0.931629
-0.948245
-0.963715
-0.975747
-0.995228
-1.013562
-1.022157
-1.057107
-1.063410
-1.082890
-1.108100
-1.132165
-1.153364
-1.184304
-1.216962
-1.249048
-1.293166
-1.339002
-1.386558
-1.434113
-1.495993
-1.557872
-1.622044
-1.706268
-1.790493
-1.789347
-1.788774
-1.758980
-1.730333
-1.701685
-1.673610
-1.646108
-1.619752
-1.593969
-1.568758
-1.544694
-1.521776
-1.499431
-1.478804
-1.459324
-1.440416
-1.423800
-1.407757
-1.393433
-1.380255
-1.368796
-1.358483
-1.349889
-1.343013
-1.337283
-1.333273
-1.330981
-1.330408
-1.330408
-1.331554
-1.333846
-1.336711
-1.340721
-1.345305
-1.350462
-1.356764
-1.363640
-1.371088
-1.379109
-1.388277
-1.398017
-1.408330
-0.869177
-0.819903
-0.771201
-0.743699
-0.676663
-0.650307
-0.617649
-0.586136
-0.551758
-0.527694
-0.504776
-0.483003
-0.462377
-0.441750
-0.423416
-0.405081
-0.391903
-0.379298
-0.382163
-0.366120
-0.342056
-0.324867
-0.328305
-0.321429
-0.316273
-0.309970
-0.300803
-0.291636
-0.285906
-0.280176
-0.274447
-0.272155
-0.268717
-0.266425
-0.251528
-0.248664
-0.241788
-0.234913
-0.229756
-0.224026
-0.216005
-0.207411
-0.202827
-0.189649
-0.183919
-0.175325
-0.167877
-0.161001
-0.158709
-0.155845
-0.154126
-0.158136
-0.160428
-0.168450
-0.175898
-0.185065
-0.195379
-0.209130
-0.223454
-0.240069
-0.257831
-0.276739
-0.297938
-0.319137
-0.343202
-0.368985
-0.394768
-0.420551
-0.447480
-0.476701
-0.505922
-0.536861
-0.568374
-0.599314
-0.630254
-0.663485
-0.697290
-0.732813
-0.768336
-0.803860
-0.838810
-0.873188
-0.905273
-0.936213
-0.964861
-0.998092
-1.029032
-1.058253
-1.093203
-1.127581
-1.154510
-1.182012
-1.214098
-1.239881
-1.266237
-1.291447
-1.316084
-1.339002
-1.363067
-1.385985
-1.402028
-1.427238
-1.450729
-1.462761
-1.480523
-1.496566
-1.502868
-1.520057
-1.538965
-1.551570
-1.550424
-1.557872
-1.563602
-1.568185
-1.571050
-1.565321
-1.577353
-1.587666
-1.576780
-2.233962
-2.889999
-2.861351
-2.830984
-2.799472
-2.766813
-2.733009
-2.698058
-2.661962
-2.625866
-2.588050
-2.550235
-2.511847
-2.472313
-2.433352
-2.393818
-2.354284
-2.314177
-2.274642
-2.235681
-2.196720
-2.157759
-2.119944
-2.082702
-2.046032
-2.009936
-1.974986
-1.941181
-1.908522
-1.877010
-1.846643
-1.817995
-1.791066
-1.765283
-1.740646
-2.012801
-2.582321
-2.858486
-2.839006
-2.819525
-2.804628
-2.664254
-2.398401
-2.262610
-2.053481
-1.847216
-1.734916
-1.467345
-1.199201
-1.088620
-1.066274
-1.000957
-0.897825
-0.766045
-0.615357
-0.458366
-0.307678
-0.175898
-0.072766
-0.006875
0.014324
0.060161
0.088236
0.143239
0.170741
0.198816
0.220016
0.241215
0.253247
0.264707
0.263561
0.260123
0.256112
0.253247
0.251528
0.233194
0.214859
0.185638
0.156417
0.122040
0.078495
0.026356
-0.025210
-0.065890
-0.172460
-0.304814
-0.410811
-0.452064
-0.572958
-0.731667
-0.890949
-1.091485
-1.325251
-1.578499
-2.084993
-2.338241
-2.478615
-2.863070
-3.388472
-3.913875
-4.298329
-4.439277
-4.474800
-4.510897
-4.502302
-4.477092
-4.438131
-4.388857
-4.333280
-4.276557
-4.223845
-4.179727
-4.148214
-4.131599
-4.133318
-3.983776
-3.675524
-3.528847
-3.213147
-2.959327
-2.437362
-2.185261
-1.906231
-1.628919
-1.426665
-1.224984
-1.061118
-0.933348
-0.806152
-0.716770
-0.628535
-0.593584
-0.499046
-0.464096
-0.432010
-0.431437
-0.394195
-0.356953
-0.356953
-0.354088
-0.357526
-0.371277
-0.374141
-0.387892
-0.409092
-0.429718
-0.458366
-0.498473
-0.544310
-0.589574
-0.626816
-0.652026
-0.708176
-0.763180
-0.828497
-0.893241
-0.970591
-1.047367
-2.520441
-2.529609
-2.538203
-2.545651
-2.551381
-2.555965
-2.559402
-2.561121
-2.562267
-2.561694
-2.559975
-2.557111
-2.553673
-2.548516
-2.542787
-2.535911
-2.528463
-2.519868
-2.510128
-2.499242
-2.487783
-2.475178
-2.462000
-2.448249
-2.433352
-2.417882
-2.401839
-2.385223
-2.367462
-2.349700
-2.331365
-2.312458
-2.293550
-2.274069
-2.254016
-2.233962
-2.213909
-2.193855
-2.173229
-2.153175
-2.132549
-2.112495
-2.092442
-2.072388
-2.052908
-2.034000
-2.015093
-1.996758
-1.978996
-1.961807
-1.944619
-1.928576
-1.913106
-0.408519
-0.360390
-0.313408
-0.290490
-0.252101
-0.204546
-0.158709
-0.122613
-0.105424
-0.077922
-0.055577
-0.033805
-0.013751
0.002292
0.017189
0.028648
0.039534
0.047555
0.055004
0.058442
0.065890
0.067609
0.068755
0.068182
0.066463
0.063025
0.059015
0.052139
0.045264
0.036669
0.027502
0.014897
0.002865
-0.009740
-0.024064
-0.046410
-0.061306
-0.079641
-0.097403
-0.125478
-0.143812
-0.162720
-0.198816
-0.233767
-0.253247
-0.279030
-0.322002
-0.347785
-0.377006
-0.428572
-0.458939
-0.492744
-0.554050
-0.588428
-0.636556
-0.684685
-0.730521
-0.786098
-0.843967
-0.908138
-0.972882
-1.026740
-1.129300
-1.183158
-1.269674
-1.334419
-1.460469
-1.525214
-1.627200
-1.729187
-1.798515
-1.964672
-2.129684
-2.199012
-2.326209
-2.453405
-2.585186
-2.685453
-2.886561
-2.990267
-3.068762
-3.219450
-3.300810
-3.314561
-3.334041
-3.354668
-3.372430
-3.330604
-3.234347
-3.195386
-3.144965
-2.997715
-2.851038
-2.804055
-2.797753
-2.736446
-2.627011
-2.480334
-2.310739
-2.132549
-1.963526
-1.818568
-1.712571
-1.655275
-1.654129
-1.565321
-1.498285
-1.431822
-1.399163
-1.305771
-1.273112
-1.237016
-1.199774
-1.192325
-1.150499
-1.141905
-1.133883
-2.918074
-2.939846
-2.960473
-2.980526
-3.000007
-3.017769
-3.034384
-3.050427
-3.064751
-3.077929
-3.089961
-3.100275
-3.109442
-3.117463
-3.123766
-3.128923
-3.132360
-3.134652
-3.135225
-3.132360
-3.123193
-3.107723
-3.086524
-3.059595
-3.027509
-2.990267
-2.948441
-2.903177
-2.853903
-2.801764
-2.747333
-2.691756
-2.634460
-2.577164
-2.519868
-2.464291
-2.409860
-2.357721
-2.308447
-2.262610
-2.221357
-2.184115
-2.152029
-2.125100
-2.103901
-2.088431
-2.079264
-2.076399
0.000000
-0.198243
-0.718489
-1.361348
-1.882739
-2.084420
-2.088431
-2.092442
-2.097598
-2.103328
-2.109058
-2.115933
-2.123382
-2.131403
-2.139997
-2.148592
-2.158332
-2.168072
-2.178386
-2.188699
-2.200158
-2.211617
-2.223076
-2.235108
-2.247140
-2.259746
-2.272351
-2.284956
-2.298134
-2.310739
-2.323917
-2.337095
-2.349700
-2.362878
-2.375483
-2.388088
-2.400120
-2.412725
-2.424757
-2.436217
-2.447676
-2.458562
-2.469448
-2.479761
-2.489502
-2.499242
-2.507836
-2.516431
-2.524452
-2.531328
-2.538203
-2.544506
-2.550235
-2.555392
-2.559402
-2.563413
-2.566278
-2.568570
-2.570289
-2.571435
-2.571435
-2.929533
-3.644585
-3.999245
-3.794699
-3.588435
-3.396494
-3.222888
-3.048708
-2.896302
-2.742176
-2.605812
-2.468875
-2.349700
-2.229952
-2.137706
-1.976131
-1.882166
-1.800806
-1.665015
-1.581936
-1.486253
-1.427811
-1.326397
-1.208368
-1.105236
-1.045075
-0.994655
-0.915587
-0.819903
-0.723646
-0.644578
-0.593584
-0.533424
-0.448053
-0.388465
-0.324294
-0.262415
-0.211421
-0.142094
-0.093392
-0.037815
0.005730
0.063598
0.104851
0.149542
0.193087
0.233767
0.272728
0.307105
0.344348
0.374714
0.397633
0.429145
0.460085
0.477274
0.496181
0.512797
0.527694
0.542591
0.548321
0.560353
0.572385
0.578114
0.585563
0.593584
0.601606
0.609627
0.617076
0.624524
0.631972
0.639421
0.645723
0.653745
0.660620
0.666923
0.673798
0.680101
0.685830
0.691560
0.697290
0.702446
0.705884
0.710468
0.714478
0.717916
0.721354
0.724219
0.726510
0.728229
0.729948
0.731094
0.731094
0.731094
0.731667
0.724219
0.723646
0.720781
0.717916
0.713905
0.711041
0.697290
0.693279
0.688122
0.671507
0.665204
0.655464
0.642286
0.628535
0.613638
0.598168
0.580979
0.562645
0.540299
0.523683
0.498473
0.472690
0.445188
0.416540
0.386747
0.363255
0.314554
0.289917
0.261269
0.203400
0.173606
0.126051
0.077922
-0.179909
-0.694998
-0.954548
-0.957412
-0.959704
-0.962569
-0.966007
-0.968872
-0.972309
-0.975747
-0.979758
-0.983769
-0.987779
-0.991790
-0.995801
-1.000384
-1.004395
-1.008979
-1.013562
-1.018146
-1.022730
-1.027886
-1.032470
-1.037054
-1.041637
-1.046221
-1.050805
-1.055388
-1.194617
-1.468491
-1.607147
-1.533235
-1.348743
-1.164250
-1.090339
-1.074296
-1.022730
-0.938505
-0.829643
-0.704165
-0.573531
-0.448053
-0.338045
-0.253247
-0.199962
-0.182774
-0.124905
-0.069901
-0.014897
0.028648
0.072193
0.114019
0.154699
0.194233
0.229183
0.261842
0.278457
0.314554
0.326586
0.340337
0.351796
0.350650
0.367266
0.382163
0.375860
0.374714
0.370704
0.362109
0.351223
0.340910
0.328878
0.312835
0.295073
0.276739
0.250956
0.233194
0.214859
0.186211
0.155272
0.128916
0.103705
0.077349
0.044691
0.011459
-0.017762
-0.050420
-0.083079
-0.115737
-0.150115
-0.183919
-0.217724
-0.250383
-0.282468
-0.313981
-0.345494
-0.377579
-0.408519
-0.441178
-0.469252
-0.500192
-0.529986
-0.557488
-0.584417
-0.609627
-0.636556
-0.661766
-0.685258
-0.707603
-0.729948
-0.750575
-0.768909
-0.788963
-0.800422
-0.826778
-0.851415
-0.858864
-0.874907
-0.890376
-0.905273
-0.918451
-0.931629
-0.948245
-0.963715
-0.975747
-0.995228
-1.013562
-1.022157
-1.057107
-1.063410
-1.082890
-1.108100
-1.132165
-1.153364
-1.184304
-1.216962
-1.249048
-1.293166
-1.339002
-1.386558
-1.434113
-1.495993
-1.557872
-1.622044
-1.706268
-1.790493
-1.789347
-1.788774
-1.758980
-1.730333
-1.701685
-1.673610
-1.646108
-1.619752
-1.593969
-1.568758
-1.544694
-1.521776
-1.499431
-1.478804
-1.459324
-1.440416
-1.423800
-1.407757
-1.393433
-1.380255
-1.368796
-1.358483
-1.349889
-1.343013
-1.337283
-1.333273
-1.330981
-1.330408
-1.330408
-1.331554
-1.333846
-1.336711
-1.340721
-1.345305
-1.350462
-1.356764
-1.363640
-1.371088
-1.379109
-1.388277
-1.398017
-1.408330
-0.869177
-0.819903
-0.771201
-0.743699
-0.676663
-0.650307
-0.617649
-0.586136
-0.551758
-0.527694
-0.504776
-0.483003
-0.462377
-0.441750
-0.423416
-0.405081
-0.391903
-0.379298
-0.382163
-0.366120
-0.342056
-0.324867
-0.328305
-0.321429
-0.316273
-0.309970
-0.300803
-0.291636
-0.285906
-0.280176
-0.274447
-0.272155
-0.268717
-0.266425
-0.251528
-0.248664
-0.241788
-0.234913
-0.229756
-0.224026
-0.216005
-0.207411
-0.202827
-0.189649
-0.183919
-0.175325
-0.167877
-0.161001
-0.158709
-0.155845
-0.154126
-0.158136
-0.160428
-0.168450
-0.175898
-0.185065
-0.195379
-0.209130
-0.223454
-0.240069
-0.257831
-0.276739
-0.297938
-0.319137
-0.343202
-0.368985
-0.394768
-0.420551
-0.447480
-0.476701
-0.505922
-0.536861
-0.568374
-0.599314
-0.630254
-0.663485
-0.697290
-0.732813
-0.768336
-0.803860
-0.838810
-0.873188
-0.905273
-0.936213
-0.964861
-0.998092
-1.029032
-1.058253
-1.093203
-1.127581
-1.154510
-1.182012
-1.214098
-1.239881
-1.266237
-1.291447
-1.316084
-1.339002
-1.363067
-1.385985
-1.402028
-1.427238
-1.450729
-1.462761
-1.480523
-1.496566
-1.502868
-1.520057
-1.538965
-1.551570
-1.550424
-1.557872
-1.563602
-1.568185
-1.571050
-1.565321
-1.577353
-1.587666
-1.576780
-2.233962
-2.889999
-2.861351
-2.830984
-2.799472
-2.766813
-2.733009
-2.698058
-2.661962
-2.625866
-2.588050
-2.550235
-2.511847
-2.472313
-2.433352
-2.393818
-2.354284
-2.314177
-2.274642
-2.235681
-2.196720
-2.157759
-2.119944
-2.082702
-2.046032
-2.009936
-1.974986
-1.941181
-1.908522
-1.877010
-1.846643
-1.817995
-1.791066
-1.765283
-1.740646
-2.012801
-2.582321
-2.858486
-2.839006
-2.819525
-2.804628
-2.664254
-2.398401
-2.262610
-2.053481
-1.847216
-1.734916
-1.467345
-1.199201
-1.088620
-1.066274
-1.000957
-0.897825
-0.766045
-0.615357
-0.458366
-0.307678
-0.175898
-0.072766
-0.006875
0.014324
0.060161
0.088236
0.143239
0.170741
0.198816
0.220016
0.241215
0.253247
0.264707
0.263561
0.260123
0.256112
0.253247
0.251528
0.233194
0.214859
0.185638
0.156417
0.122040
0.078495
0.026356
-0.025210
-0.065890
-0.172460
-0.304814
-0.410811
-0.452064
-0.572958
-0.731667
-0.890949
-1.091485
-1.325251
-1.578499
-2.084993
-2.338241
-2.478615
-2.863070
-3.388472
-3.913875
-4.298329
-4.439277
-4.474800
-4.510897
-4.502302
-4.477092
-4.438131
-4.388857
-4.333280
-4.276557
-4.223845
-4.179727
-4.148214
-4.131599
-4.133318
-3.983776
-3.675524
-3.528847
-3.213147
-2.959327
-2.437362
-2.185261
-1.906231
-1.628919
-1.426665
-1.224984
-1.061118
-0.933348
-0.806152
-0.716770
-0.628535
-0.593584
-0.499046
-0.464096
-0.432010
-0.431437
-0.394195
-0.356953
-0.356953
-0.354088
-0.357526
-0.371277
-0.374141
-0.387892
-0.409092
-0.429718
-0.458366
-0.498473
-0.544310
-0.589574
-0.626816
-0.652026
-0.708176
-0.763180
-0.828497
-0.893241
-0.970591
-1.047367
-2.520441
-2.529609
-2.538203
-2.545651
-2.551381
-2.555965
-2.559402
-2.561121
-2.562267
-2.561694
-2.559975
-2.557111
-2.553673
-2.548516
-2.542787
-2.535911
-2.528463
-2.519868
-2.510128
-2.499242
-2.487783
-2.475178
-2.462000
-2.448249
-2.433352
-2.417882
-2.401839
-2.385223
-2.367462
-2.349700
-2.331365
-2.312458
-2.293550
-2.274069
-2.254016
-2.233962
-2.213909
-2.193855
-2.173229
-2.153175
-2.132549
-2.112495
-2.092442
-2.072388
-2.052908
-2.034000
-2.015093
-1.996758
-1.978996
-1.961807
-1.944619
-1.928576
-1.913106
-0.408519
-0.360390
-0.313408
-0.290490
-0.252101
-0.204546
-0.158709
-0.122613
-0.105424
-0.077922
-0.055577
-0.033805
-0.013751
0.002292
0.017189
0.028648
0.039534
0.047555
0.055004
0.058442
0.065890
0.067609
0.068755
0.068182
0.066463
0.063025
0.059015
0.052139
0.045264
0.036669
0.027502
0.014897
0.002865
-0.009740
-0.024064
-0.046410
-0.061306
-0.079641
-0.097403
-0.125478
-0.143812
-0.162720
-0.198816
-0.233767
-0.253247
-0.279030
-0.322002
-0.347785
-0.377006
-0.428572
-0.458939
-0.492744
-0.554050
-0.588428
-0.636556
-0.684685
-0.730521
-0.786098
-0.843967
-0.908138
-0.972882
-1.026740
-1.129300
-1.183158
-1.269674
-1.334419
-1.460469
-1.525214
-1.627200
-1.729187
-1.798515
-1.964672
-2.129684
-2.199012
-2.326209
-2.453405
-2.585186
-2.685453
-2.886561
-2.990267
-3.068762
-3.219450
-3.300810
-3.314561
-3.334041
-3.354668
-3.372430
-3.330604
-3.234347
-3.195386
-3.144965
-2.997715
-2.851038
-2.804055
-2.797753
-2.736446
-2.627011
-2.480334
-2.310739
-2.132549
-1.963526
-1.818568
-1.712571
-1.655275
-1.654129
-1.565321
-1.498285
-1.431822
-1.399163
-1.305771
-1.273112
-1.237016
-1.199774
-1.192325
-1.150499
-1.141905
-1.133883
-2.918074
-2.939846
-2.960473
-2.980526
-3.000007
-3.017769
-3.034384
-3.050427
-3.064751
-3.077929
-3.089961
-3.100275
-3.109442
-3.117463
-3.123766
-3.128923
-3.132360
-3.134652
-3.135225
-3.132360
-3.123193
-3.107723
-3.086524
-3.059595
-3.027509
-2.990267
-2.948441
-2.903177
-2.853903
-2.801764
-2.747333
-2.691756
-2.634460
-2.577164
-2.519868
-2.464291
-2.409860
-2.357721
-2.308447
-2.262610
-2.221357
-2.184115
-2.152029
-2.125100
-2.103901
-2.088431
-2.079264
-2.076399
0.000000
0.000000
0.001146
0.002865
0.005157
0.008021
0.012032
0.016043
0.021199
0.026929
0.033232
0.040107
0.047555
0.055577
0.064171
0.072766
0.082506
0.092246
0.102559
0.113446
0.124905
0.136364
0.147823
0.159855
0.172460
0.185065
0.197670
0.210848
0.223454
0.236632
0.249810
0.262988
0.275593
0.288771
0.301949
0.314554
0.327159
0.339191
0.351223
0.363255
0.374714
0.385601
0.396487
0.406800
0.417113
0.426281
0.435448
0.444042
0.452064
0.459512
0.466388
0.472690
0.477847
0.483003
0.487587
0.491025
0.494463
0.496754
0.498473
0.499619
0.499619
0.499046
0.497900
0.495608
0.492171
0.488160
0.483003
0.476701
0.469825
0.462377
0.453783
0.444042
0.433729
0.422843
0.411384
0.398779
0.385601
0.371850
0.357526
0.343202
0.327732
0.311689
0.295646
0.279030
0.261842
0.244653
0.226891
0.209130
0.191368
0.173606
0.155272
0.137510
0.119748
0.101414
0.083652
0.066463
0.049274
0.032086
0.015470
0.000000
-0.016043
-0.031513
-0.046410
-0.060734
-0.074485
-0.087663
-0.099695
-0.111727
-0.122613
-0.132926
-0.142094
-0.150688
-0.158709
-0.165585
-0.171314
-0.176471
-0.180482
-0.183919
-0.186211
-0.187930
-0.187930
-0.187930
-0.187930
-0.186784
-0.186211
-0.185065
-0.183346
-0.181628
-0.179909
-0.177617
-0.175325
-0.173033
-0.170168
-0.166731
-0.163866
-0.160428
-0.156417
-0.152980
-0.148969
-0.144958
-0.140375
-0.135791
-0.131780
-0.126624
-0.122040
-0.117456
-0.112300
-0.107716
-0.102559
-0.097403
-0.092819
-0.087663
-0.082506
-0.077922
-0.072766
-0.067609
-0.063025
-0.058442
-0.053858
-0.049274
-0.044691
-0.040680
-0.036669
-0.032659
-0.028648
-0.025210
-0.021772
-0.018335
-0.015470
-0.012605
-0.009740
-0.007448
-0.005157
-0.003438
-0.001719
-0.000573
0.000573
0.001146
0.001719
0.002292
0.002292
0.001719
0.000573
-0.000573
-0.003438
-0.006875
-0.010886
-0.016043
-0.021772
-0.028075
-0.035523
-0.042972
-0.051566
-0.060734
-0.070474
-0.080787
-0.091673
-0.103132
-0.114592
-0.127197
-0.139802
-0.152980
0.065317
0.473836
0.841675
1.169407
1.453021
1.695955
1.891907
2.052908
2.184115
2.288393
2.370899
2.431060
2.480334
2.515858
2.539349
2.554246
2.561694
2.563413
2.559975
2.551381
2.539349
2.524452
2.507263
2.487783
2.466010
2.443665
2.419601
2.394964
2.369753
2.343970
2.318187
2.292977
2.265475
2.239119
2.215055
2.188126
2.162916
2.137706
2.114787
2.090150
2.067805
2.046032
2.027698
2.007644
1.990455
1.973840
1.958370
1.944046
1.929149
1.918263
1.907949
1.895917
1.887323
1.881593
1.874718
1.867842
1.864405
1.858675
1.856383
1.854664
1.850081
1.848935
1.851227
1.850654
1.850081
1.850654
1.853518
1.853518
1.856383
1.859248
1.862113
1.864978
1.864405
1.867269
1.871853
1.873572
1.874718
1.875291
1.878156
1.878156
1.879302
1.877583
1.878156
1.874718
1.873572
1.871280
1.868415
1.863832
1.858675
1.852946
1.846070
1.838049
1.828308
1.817995
1.806536
1.796796
1.783045
1.768148
1.754397
1.736635
1.720019
1.699393
1.679339
1.654702
1.631211
1.606574
1.576780
1.548705
1.518911
1.486825
1.454167
1.419789
1.383693
1.344732
1.306344
1.269102
1.229567
1.187742
1.145343
1.101798
1.058253
1.013562
0.971163
0.925327
0.879490
0.833081
0.788963
0.742553
0.695571
0.651453
0.605043
0.560926
0.515662
0.472117
0.427427
0.385601
0.342056
0.301949
0.260123
0.221735
0.181628
0.146104
0.110581
0.075057
0.042399
0.011459
-0.018908
-0.046983
-0.073339
-0.098549
-0.123186
-0.144385
-0.163866
-0.181628
-0.197097
-0.212567
-0.224599
-0.234913
-0.243507
-0.250383
-0.254966
-0.258977
-0.261269
-0.262988
-0.262415
-0.261269
-0.260123
-0.255539
-0.250383
-0.244080
-0.236059
-0.227464
-0.216005
-0.205119
-0.192514
-0.179909
-0.166158
-0.151834
-0.135791
-0.119748
-0.103132
-0.085944
-0.067609
-0.049847
-0.029221
-0.010313
0.008594
0.028075
0.048128
0.067609
0.088236
0.108289
0.127770
0.146677
0.166158
0.186211
0.203973
0.221735
0.238923
0.256112
0.272155
0.287052
0.301949
0.316273
0.328878
0.340910
0.352369
0.362109
0.370704
0.377579
0.385028
0.390184
0.394195
0.398206
0.399925
0.399925
0.399925
0.397060
0.393622
0.390757
0.387319
0.386174
0.383309
0.382163
0.382163
0.382163
0.383309
0.383882
0.386174
0.389038
0.391330
0.394768
0.398779
0.402789
0.407946
0.413103
0.418832
0.424562
0.430291
0.437740
0.444042
0.452064
0.458939
0.467534
0.474982
0.483576
0.491025
0.500765
0.508214
0.516235
0.525402
0.533424
0.542018
0.550039
0.558634
0.566082
0.574677
0.582698
0.589574
0.597022
0.604470
0.610773
0.617649
0.623378
0.629108
0.633691
0.638848
0.642859
0.647442
0.650307
0.653172
0.656037
0.658329
0.659474
0.660620
0.661193
0.661193
0.660620
0.659474
0.657183
0.654318
0.649161
0.644005
0.637129
0.629108
0.619940
0.609627
0.598168
0.585563
0.571812
0.556915
0.542018
0.524829
0.508214
0.489306
0.470398
0.450345
0.430291
0.409092
0.387319
0.364401
0.342056
0.319137
0.295646
0.271582
0.247518
0.222881
0.198816
0.174179
0.150115
0.126051
0.101414
0.077922
0.054431
0.031513
0.008594
-0.013178
-0.034950
-0.056150
-0.076776
-0.096257
-0.114592
-0.132926
-0.150688
-0.166731
-0.182201
-0.195952
-0.209703
-0.221735
-0.232621
-0.242934
-0.251528
-0.258977
-0.265279
-0.270436
-0.273874
-0.276739
-0.277885
-0.277885
-0.276166
-0.274447
-0.270436
-0.266425
-0.260696
-0.254393
-0.246945
-0.238350
-0.228610
-0.218297
-0.206838
-0.194233
-0.181628
-0.167304
-0.152407
-0.136937
-0.120894
-0.103705
-0.085944
-0.067609
-0.049274
-0.029794
-0.009740
0.009167
0.029794
0.050993
0.071620
0.092819
0.114592
0.135791
0.157563
0.179336
0.200535
0.221162
0.242934
0.264134
0.284187
0.304814
0.324867
0.343775
0.363255
0.382163
0.399352
0.417113
0.433729
0.449772
0.465242
0.479566
0.493317
0.505922
0.518527
0.529413
0.539726
0.548894
0.557488
0.565509
0.571239
0.576969
0.581552
0.584990
0.588428
0.593011
0.598741
0.605616
0.613065
0.621659
0.630827
0.641713
0.653172
0.665204
0.678955
0.692706
0.707030
0.723073
0.739689
0.756877
0.775212
0.793547
0.813027
0.833081
0.853134
0.874334
0.896106
0.917305
0.939078
0.961996
0.984341
1.007260
1.030178
1.052523
1.076015
1.098933
1.121851
1.144770
1.167688
1.190033
1.212379
1.234151
1.257642
1.278269
1.299468
1.318949
1.339002
1.359629
1.377963
1.396298
1.413487
1.430676
1.446718
1.462188
1.477085
1.490836
1.503441
1.516046
1.527505
1.536673
1.547559
1.555580
1.564175
1.570477
1.576780
1.578499
1.579645
1.576780
1.572769
1.567040
1.557299
1.546413
1.532089
1.516619
1.499431
1.479950
1.457032
1.433540
1.408903
1.381974
1.354472
1.324105
1.292593
1.260507
1.226703
1.191752
1.156229
1.119560
1.082317
1.043929
1.005541
0.967153
0.929911
0.890949
0.852561
0.814746
0.776358
0.740834
0.703592
0.668642
0.632545
0.599887
0.567801
0.535143
0.505349
0.477274
0.451491
0.426281
0.403935
0.382163
0.363255
0.346067
0.331170
0.317992
0.307105
0.300803
0.294500
0.292781
0.291636
0.295073
0.299084
0.307105
0.317992
0.331743
0.347212
0.363828
0.381590
0.401070
0.421124
0.442896
0.467534
0.492171
0.519100
0.545456
0.574677
0.605616
0.637129
0.669788
0.703019
0.737397
0.774639
0.811308
0.850269
0.890376
0.930483
0.971736
1.012989
1.055388
1.097214
1.142478
1.187742
1.233005
1.278842
1.324105
1.372807
1.418644
1.466199
1.513754
1.563602
1.610584
1.659859
1.710279
1.758407
1.808255
1.856956
1.905658
1.954932
2.004206
2.054627
2.103328
2.153748
2.202450
2.252297
2.300999
2.353138
2.400693
2.451686
2.502680
2.553673
2.604666
2.655659
2.708372
2.761657
2.815515
2.872237
2.930679
2.993704
3.059022
3.126058
3.193667
3.255546
3.304821
3.332323
3.330604
3.302529
3.253827
3.187364
3.105431
3.012039
2.910053
2.800045
2.686026
2.567424
2.446530
2.323917
2.201304
2.079837
1.962953
1.846643
1.734916
1.627773
1.526360
1.431249
1.339575
1.255923
1.179720
1.109819
1.046794
0.990071
0.938505
0.889803
0.845686
0.803287
0.763753
0.726510
0.688695
0.652599
0.616503
0.579260
0.541445
0.501911
0.458366
0.414248
0.365547
0.312262
0.255539
0.194233
0.126051
0.052139
-0.029794
-0.120894
-0.220016
-0.328305
-0.450345
-0.583844
-0.737397
-0.902981
-1.083463
-1.270247
-1.460469
-1.651837
-1.842059
-2.019676
-2.185261
-2.333657
-2.461427
-2.564559
-2.641908
-2.691756
-2.710663
-2.699204
-2.655659
-2.580029
-2.475178
-2.335376
-2.166353
-1.966391
-1.741792
-1.481096
-1.198055
-0.888085
-0.542591
0.000000
0.000000
0.000573
0.003438
0.008594
0.015470
0.024064
0.034377
0.046983
0.061306
0.077349
0.095111
0.114592
0.135791
0.158136
0.182774
0.207984
0.235486
0.263561
0.293354
0.323721
0.355807
0.634264
1.044502
1.477658
1.886750
2.309593
2.669983
3.040114
3.413110
3.728809
4.045082
4.354479
4.632364
4.879882
5.114794
5.319340
5.505551
5.669417
5.804062
5.912351
6.000587
6.069915
6.119762
6.157577
6.186798
6.214300
6.238937
6.260137
6.276753
6.287639
6.290504
6.286493
6.271023
6.244094
6.201695
6.147837
6.073926
5.981679
5.863650
5.722130
5.555399
5.362885
5.146880
4.921707
4.705129
4.501156
4.302340
4.121858
3.937366
3.774646
3.609061
3.466968
3.309977
3.175905
3.040687
2.904323
2.767386
2.640762
2.525598
2.398401
2.281518
2.164635
2.047751
1.940608
1.823725
1.717727
1.611730
1.505733
1.400882
1.305771
1.203211
1.109246
1.017000
0.918451
0.828497
0.740834
0.654318
0.570093
0.494463
0.413676
0.335753
0.260123
0.193087
0.122040
0.060161
-0.004584
-0.061306
-0.120894
-0.171314
-0.219443
-0.269290
-0.311116
-0.348931
-0.383882
-0.419405
-0.447480
-0.472117
-0.493317
-0.511078
-0.527694
-0.538007
-0.546029
-0.551758
-0.556915
-0.559780
-0.561499
-0.561499
-0.559780
-0.556342
-0.551758
-0.546029
-0.538580
-0.529986
-0.519673
-0.508214
-0.495608
-0.481858
-0.466388
-0.449772
-0.432583
-0.413676
-0.394195
-0.372423
-0.350650
-0.328305
-0.304814
-0.281322
-0.256112
-0.230329
-0.203973
-0.177617
-0.150115
-0.122613
-0.094538
-0.065890
-0.037242
-0.004584
0.023491
0.053285
0.082506
0.111727
0.145531
0.174752
0.203973
0.233194
0.267571
0.296792
0.325440
0.358672
0.386747
0.420551
0.448053
0.481285
0.513943
0.540299
0.572958
0.606189
0.638275
0.670934
0.703019
0.733959
0.766618
0.800422
0.834227
0.877771
0.914441
0.960277
1.007833
1.055961
1.105809
1.156229
1.217535
1.280561
1.344159
1.408903
1.474220
1.550997
1.629492
1.707414
1.797369
1.886750
1.976131
2.087285
2.196720
2.304436
2.430487
2.561694
2.695193
2.837287
2.986829
3.124339
3.238930
3.306539
3.292215
3.199396
3.065897
2.915782
2.756500
2.598937
2.450540
2.315895
2.188699
2.069524
1.949202
1.849508
1.750386
1.651264
1.564748
1.478231
1.403747
1.329262
1.257069
1.196336
1.137321
1.078307
1.021584
0.966007
0.921316
0.877771
0.835372
0.794120
0.754012
0.716770
0.681820
0.654891
0.622805
0.599887
0.577541
0.557488
0.532851
0.515089
0.499046
0.484722
0.470971
0.459512
0.449199
0.444042
0.436021
0.429145
0.423416
0.422270
0.419405
0.417113
0.415394
0.418259
0.418832
0.423416
0.426281
0.429145
0.435448
0.440605
0.448053
0.454928
0.463523
0.472117
0.481285
0.490452
0.500765
0.511651
0.523110
0.534570
0.547175
0.558634
0.571812
0.583844
0.598168
0.610200
0.625097
0.640567
0.653172
0.668642
0.682393
0.698436
0.714478
0.728229
0.745418
0.762034
0.779796
0.793547
0.811308
0.829643
0.847405
0.865166
0.882355
0.900117
0.916732
0.932775
0.949391
0.964861
0.987206
1.003249
1.018719
1.041064
1.064556
1.080025
1.103517
1.128154
1.152791
1.178574
1.213525
1.240454
1.277123
1.315511
1.354472
1.404893
1.457605
1.510890
1.565894
1.633503
1.702831
1.773877
1.858102
1.956078
2.055200
2.181250
2.307874
2.460854
2.624720
2.812077
3.019488
3.264141
3.534577
3.802721
4.033050
4.219261
4.364792
4.470790
4.539545
4.578506
4.595694
4.593403
4.583662
4.569338
4.533242
4.453601
4.309216
4.094356
3.807878
3.465822
3.143819
2.872810
2.636179
2.442519
2.272924
2.127965
1.995612
1.877583
1.773304
1.671318
1.583655
1.498285
1.426665
1.369369
1.302333
1.248475
1.196336
1.157375
1.109819
1.074869
1.040491
1.008979
0.978612
0.959704
0.932202
0.916160
0.900690
0.886939
0.873761
0.861729
0.850842
0.841102
0.839956
0.830789
0.831362
0.823913
0.824486
0.818184
0.819330
0.820476
0.822194
0.822767
0.823913
0.818184
0.818757
0.819330
0.819330
0.824486
0.824486
0.822767
0.820476
0.818184
0.815319
0.811881
0.811881
0.806725
0.800995
0.794120
0.790682
0.782660
0.773493
0.767190
0.756304
0.744845
0.734532
0.720208
0.704738
0.690987
0.673225
0.656610
0.635983
0.617649
0.595303
0.572958
0.551185
0.525975
0.502484
0.476701
0.450918
0.423416
0.396487
0.367839
0.339764
0.310543
0.281322
0.252101
0.222881
0.193087
0.163866
0.133499
0.104851
0.075630
0.047555
0.018335
-0.008021
-0.035523
-0.061879
-0.088236
-0.112300
-0.134645
-0.158709
-0.179336
-0.201108
-0.218870
-0.238350
-0.253820
-0.267571
-0.282468
-0.292781
-0.301949
-0.312262
-0.317419
-0.320856
-0.326586
-0.326013
-0.323148
-0.319137
-0.316846
-0.308251
-0.297938
-0.285333
-0.270436
-0.258977
-0.241788
-0.223454
-0.203400
-0.182201
-0.160428
-0.136937
-0.112300
-0.086517
-0.053858
-0.025783
0.002865
0.032659
0.071620
0.103705
0.144958
0.179336
0.222308
0.267571
0.304814
0.352369
0.399925
0.448626
0.499046
0.559780
0.611919
0.664058
0.727656
0.791828
0.857145
0.922462
0.988925
1.066847
1.133883
1.211806
1.290301
1.380255
1.469637
1.559018
1.647827
1.746948
1.855237
1.962380
2.077545
2.199585
2.326782
2.456270
2.593780
2.733009
2.869373
2.987402
3.060168
3.063032
2.993704
2.857341
2.690610
2.488356
2.288966
2.083848
1.879302
1.680485
1.503441
1.328116
1.178001
1.032470
0.902981
0.780369
0.682966
0.583844
0.500765
0.430864
0.367839
0.309970
0.257831
0.216578
0.180482
0.148396
0.122040
0.099695
0.081933
0.069328
0.061306
0.058442
0.059015
0.064171
0.074485
0.088808
0.105997
0.128916
0.156417
0.191368
0.228610
0.269863
0.320283
0.376433
0.437740
0.505349
0.584417
0.677809
0.779223
0.896679
1.023303
1.177428
1.352180
1.557299
1.796223
2.079264
2.418455
2.821817
3.308831
3.849130
4.324112
4.642104
4.835191
4.939469
4.992754
5.013954
5.021402
5.021975
5.020829
5.015100
5.000203
4.974993
4.936031
4.881027
4.805970
4.704556
4.575641
4.409483
4.190613
3.916739
3.579840
3.206272
2.822963
2.477470
2.156613
1.864978
1.616314
1.399736
1.203211
1.027313
0.880636
0.752294
0.631972
0.528840
0.439459
0.357526
0.287052
0.221735
0.162147
0.108289
0.060161
0.020054
-0.013751
-0.046410
-0.071620
-0.092819
-0.108289
-0.119748
-0.126051
-0.127770
-0.124332
-0.114019
-0.100268
-0.081360
-0.054431
-0.021199
0.017762
0.063598
0.115165
0.179909
0.258977
0.338618
0.442896
0.556915
0.700154
0.853134
1.037627
1.254778
1.493701
1.789347
2.126246
2.522733
2.961046
3.431444
3.831369
4.116702
4.312080
4.430683
4.499438
4.528085
4.536107
4.535534
4.527513
4.496000
4.428391
4.305205
4.106961
3.818191
3.414828
2.999434
2.635606
2.329073
2.079264
1.854091
1.667307
1.495420
1.350462
1.220400
1.092631
0.979758
0.880636
0.795265
0.701873
0.631399
0.554050
0.488733
0.425708
0.373568
0.323721
0.276166
0.229756
0.186211
0.143812
0.110581
0.078495
0.041826
0.013178
-0.014324
-0.040107
-0.064744
-0.088236
-0.105997
-0.126624
-0.145531
-0.160428
-0.177044
-0.192514
-0.203973
-0.216578
-0.225745
-0.237205
-0.246372
-0.254393
-0.264134
-0.271582
-0.279603
-0.285906
-0.292208
-0.298511
-0.303668
-0.308824
-0.312262
-0.315700
-0.319710
-0.320856
-0.323148
-0.324867
-0.323721
-0.324294
-0.321429
-0.319710
-0.317992
-0.312835
-0.308824
-0.300803
-0.291636
-0.285333
-0.273874
-0.260696
-0.252101
-0.236059
-0.218870
-0.200535
-0.180482
-0.159282
-0.136364
-0.104278
-0.077922
-0.041826
-0.012032
0.027502
0.070474
0.115165
0.171314
0.220589
0.281322
0.344921
0.420551
0.488160
0.567801
0.649734
0.743699
0.839956
0.947672
1.055961
1.164250
1.293739
1.411195
1.546413
1.677620
1.811120
1.944619
2.073534
2.186980
2.286675
2.363451
2.414444
2.436217
2.427049
2.391526
2.336522
2.256308
2.170937
2.063794
1.952067
1.829454
1.707987
1.570477
1.437551
1.312073
1.172272
1.042783
0.912722
0.783806
0.656610
0.531132
0.419978
0.312262
0.199962
0.111154
0.018335
-0.065890
-0.138083
-0.210276
-0.269863
-0.329451
-0.376433
-0.417113
-0.452637
-0.480712
-0.503630
-0.519673
-0.528840
-0.531705
-0.528267
-0.517954
-0.500765
-0.476701
-0.445761
-0.407373
-0.362109
-0.309970
-0.243507
-0.175325
-0.092246
-0.008021
0.092246
0.203400
0.323721
0.456074
0.616503
0.775785
0.959704
1.150499
1.343586
1.550997
1.740073
1.921127
2.090150
2.243703
2.378921
2.490075
2.572008
2.628730
2.653941
2.647065
2.613833
2.537630
2.436217
2.297561
2.142862
1.954359
1.730333
1.469637
1.169407
0.869750
0.536288
0.000000
