4.240000
4.500000
4.000000
1.270000
0.810000
0.120000
0.350000
10.000000
46
0.000000
0.220000
0.314000
0.376300
0.424000
0.520900
0.552600
0.579400
0.652200
0.797500
0.884700
0.965900
1.057200
1.152900
1.216700
1.298800
2.178800
2.228700
2.339800
2.424100
2.466300
2.531100
2.573300
2.627200
2.850900
3.070900
3.130200
3.209700
3.269000
3.383400
3.476300
3.533700
3.642400
3.677400
3.745000
3.833100
3.932700
3.968300
4.030200
4.108301
4.150601
4.216301
4.283001
4.366501
4.417101
4.494201
1.000000
1.000000
1.000000
1.000000
1.000000
1.000000
1.000000
1.000000
1.000000
1.000000
1.000000
1.000000
1.000000
1.000000
1.000000
1.000000
1.000000
1.000000
1.000000
1.000000
1.000000
1.000000
1.000000
1.000000
1.000000
1.000000
1.000000
1.000000
1.000000
1.000000
1.000000
1.000000
1.000000
1.000000
1.000000
1.000000
1.000000
1.000000
1.000000
1.000000
1.000000
1.000000
1.000000
1.000000
1.000000
1.000000
0.000000
0.000000
0.000000
0.000000
0.000000
0.000000
0.000000
0.000000
0.000000
0.000000
0.000000
0.000000
0.000000
0.000000
0.000000
1.000000
1.000000
1.000000
1.000000
1.000000
1.000000
1.000000
1.000000
1.000000
1.000000
1.000000
1.000000
1.000000
1.000000
1.000000
1.000000
1.000000
1.000000
1.000000
1.000000
1.000000
1.000000
1.000000
1.000000
1.000000
1.000000
1.000000
1.000000
1.000000
1.000000
1.000000
118
0.000000
0.594157
2.149738
4.072584
5.626446
6.217165
6.212008
6.205133
6.197684
6.189090
6.179923
6.169610
6.158723
6.146691
6.134086
6.120335
6.106011
6.091114
6.075644
6.059602
6.042986
6.025797
6.008035
5.989701
5.971366
5.952459
5.933551
5.914070
5.894590
5.875109
5.855629
5.835575
5.816095
5.742756
5.565139
5.284390
4.907384
4.440423
3.893248
3.276746
2.603520
1.885604
1.138467
0.377006
-0.383882
-1.128154
-1.842632
-2.511274
-3.122047
-3.662919
-4.121285
-4.489124
-4.758987
-4.925145
-4.985306
-4.838629
-4.698254
-4.412348
-4.270827
-4.001537
-3.732247
-3.379878
-2.947868
-2.515285
-1.928003
-0.734532
-0.728802
-0.721354
-0.713332
-0.703592
-0.693279
-0.682393
-0.669788
-0.656610
-0.642859
-0.627962
-0.612492
-0.596449
-0.579260
-0.561499
-0.543737
-0.524829
-0.505922
-0.485868
-0.466388
-0.446334
-0.425708
-0.405081
-0.384455
-0.363828
-0.343202
-0.323148
-0.302522
-0.282468
-0.262415
-0.242934
-0.224026
-0.205119
-0.186784
-0.169596
-0.152407
-0.136364
-0.120321
-0.105997
-0.091673
-0.078495
-0.066463
-0.055004
-0.044691
-0.035523
-0.027502
-0.020054
-0.013751
-0.008594
-0.004584
-0.001719
0.000000
0.000000
0.000000
0.594157
2.149738
4.072584
5.626446
6.217165
6.212008
6.205133
6.197684
6.189090
6.179923
6.169610
6.158723
6.146691
6.134086
6.120335
6.106011
6.091114
6.075644
6.059602
6.042986
6.025797
6.008035
5.989701
5.971366
5.952459
5.933551
5.914070
5.894590
5.875109
5.855629
5.835575
5.816095
5.742756
5.565139
5.284390
4.907384
4.440423
3.893248
3.276746
2.603520
1.885604
1.138467
0.377006
-0.383882
-1.128154
-1.842632
-2.511274
-3.122047
-3.662919
-4.121285
-4.489124
-4.758987
-4.925145
-4.985306
-4.838629
-4.698254
-4.412348
-4.270827
-4.001537
-3.732247
-3.379878
-2.947868
-2.515285
-1.928003
-0.734532
-0.728802
-0.721354
-0.713332
-0.703592
-0.693279
-0.682393
-0.669788
-0.656610
-0.642859
-0.627962
-0.612492
-0.596449
-0.579260
-0.561499
-0.543737
-0.524829
-0.505922
-0.485868
-0.466388
-0.446334
-0.425708
-0.405081
-0.384455
-0.363828
-0.343202
-0.323148
-0.302522
-0.282468
-0.262415
-0.242934
-0.224026
-0.205119
-0.186784
-0.169596
-0.152407
-0.136364
-0.120321
-0.105997
-0.091673
-0.078495
-0.066463
-0.055004
-0.044691
-0.035523
-0.027502
-0.020054
-0.013751
-0.008594
-0.004584
-0.001719
0.000000
0.000000
0.000000
0.197670
0.716770
1.357910
1.876437
2.074680
2.074680
2.073534
2.072961
2.072388
2.071242
2.070669
2.069524
2.068378
2.067232
2.066086
2.064940
2.063221
2.062075
2.060356
2.058637
2.057491
2.055773
2.054054
2.052335
2.050616
2.048897
2.047178
2.045459
2.043167
2.041449
2.039730
2.038011
2.003633
1.906231
1.746375
1.528078
1.255923
0.935067
0.571812
0.173606
-0.250383
-0.692706
-1.145343
-1.596833
-2.039157
-2.464291
-2.861924
-3.224606
-3.544317
-3.815899
-4.033050
-4.192332
-4.288589
-4.321821
-4.169987
-4.025601
-3.736258
-3.592445
-3.322009
-3.052146
-2.700350
-2.270059
-1.839767
-1.256496
-0.067609
-0.067036
-0.066463
-0.065317
-0.064744
-0.063598
-0.062452
-0.061306
-0.060161
-0.059015
-0.057869
-0.056150
-0.054431
-0.053285
-0.051566
-0.049847
-0.048128
-0.046410
-0.044691
-0.042972
-0.040680
-0.038961
-0.037242
-0.034950
-0.033232
-0.031513
-0.029221
-0.027502
-0.025783
-0.024064
-0.022345
-0.020626
-0.018908
-0.017189
-0.015470
-0.013751
-0.012032
-0.010886
-0.009740
-0.008021
-0.006875
-0.005730
-0.004584
-0.004011
-0.002865
-0.002292
-0.001719
-0.001146
-0.000573
0.000000
0.000000
0.000000
0.000000
0.000000
0.197670
0.716770
1.357910
1.876437
2.074680
2.074680
2.073534
2.072961
2.072388
2.071242
2.070669
2.069524
2.068378
2.067232
2.066086
2.064940
2.063221
2.062075
2.060356
2.058637
2.057491
2.055773
2.054054
2.052335
2.050616
2.048897
2.047178
2.045459
2.043167
2.041449
2.039730
2.038011
2.003633
1.906231
1.746375
1.528078
1.255923
0.935067
0.571812
0.173606
-0.250383
-0.692706
-1.145343
-1.596833
-2.039157
-2.464291
-2.861924
-3.224606
-3.544317
-3.815899
-4.033050
-4.192332
-4.288589
-4.321821
-4.169987
-4.025601
-3.736258
-3.592445
-3.322009
-3.052146
-2.700350
-2.270059
-1.839767
-1.256496
-0.067609
-0.067036
-0.066463
-0.065317
-0.064744
-0.063598
-0.062452
-0.061306
-0.060161
-0.059015
-0.057869
-0.056150
-0.054431
-0.053285
-0.051566
-0.049847
-0.048128
-0.046410
-0.044691
-0.042972
-0.040680
-0.038961
-0.037242
-0.034950
-0.033232
-0.031513
-0.029221
-0.027502
-0.025783
-0.024064
-0.022345
-0.020626
-0.018908
-0.017189
-0.015470
-0.013751
-0.012032
-0.010886
-0.009740
-0.008021
-0.006875
-0.005730
-0.004584
-0.004011
-0.002865
-0.002292
-0.001719
-0.001146
-0.000573
0.000000
0.000000
0.000000
0.000000
0.000000
0.000000
0.000000
-0.000573
-0.000573
-0.001719
-0.002292
-0.003438
-0.004011
-0.005157
-0.006875
-0.008021
-0.009740
-0.011459
-0.013178
-0.014897
-0.017189
-0.018908
-0.021199
-0.023491
-0.025783
-0.028075
-0.030940
0.457793
1.380255
2.201877
2.914063
3.490459
3.945960
4.280568
4.525221
4.685649
4.795084
4.860401
4.898216
4.918270
4.926291
4.926864
4.925145
4.922280
4.918843
4.912540
4.902227
4.886184
4.866704
4.838629
4.804824
4.762425
4.710286
4.647834
4.578506
4.492562
4.393440
4.281141
4.152225
3.999245
3.835379
3.644012
3.418839
3.169030
2.877967
2.526744
2.135987
1.667307
1.084609
-0.102559
-0.101986
-0.100841
-0.099695
-0.098549
-0.096830
-0.095111
-0.093392
-0.091673
-0.089954
-0.087663
-0.085371
-0.083079
-0.080787
-0.078495
-0.075630
-0.073339
-0.070474
-0.067609
-0.064744
-0.062452
-0.059588
-0.056723
-0.053858
-0.050420
-0.047555
-0.044691
-0.041826
-0.039534
-0.036669
-0.033805
-0.030940
-0.028648
-0.025783
-0.023491
-0.021199
-0.018908
-0.016616
-0.014324
-0.012605
-0.010886
-0.009167
-0.007448
-0.006303
-0.004584
-0.003438
-0.002292
-0.001719
-0.001146
-0.000573
0.000000
0.000000
0.000000
0.000000
-0.000573
-0.002865
-0.007448
-0.013178
-0.021199
-0.030367
-0.041253
-0.053285
-0.067609
-0.083079
-0.100268
-0.118602
-0.138656
-0.159282
-0.182201
-0.205692
-0.230329
-0.256112
-0.283041
-0.311116
-0.339764
-0.368985
0.092246
0.986633
1.779034
2.462573
3.009747
3.435455
3.740268
3.955128
4.085762
4.165976
4.200927
4.209521
4.200927
4.180300
4.152798
4.123577
4.093783
4.063990
4.032477
3.997527
3.957992
3.915594
3.865746
3.811315
3.749436
3.679535
3.599894
3.515096
3.415401
3.303102
3.178770
3.040114
2.878540
2.708372
2.511274
2.282091
2.029989
1.738354
1.387704
0.999811
0.535143
-0.041253
-1.220973
-1.210660
-1.198628
-1.184877
-1.169407
-1.152218
-1.133311
-1.113257
-1.091485
-1.067993
-1.043356
-1.017573
-0.990644
-0.962569
-0.933348
-0.902981
-0.872042
-0.840529
-0.807870
-0.774639
-0.741407
-0.707603
-0.673225
-0.639421
-0.605043
-0.570666
-0.536288
-0.502484
-0.469252
-0.436021
-0.403935
-0.371850
-0.340910
-0.311116
-0.281895
-0.253247
-0.226318
-0.200535
-0.175898
-0.152980
-0.131207
-0.110581
-0.091673
-0.074485
-0.059015
-0.045264
-0.033232
-0.022918
-0.014897
-0.008021
-0.003438
-0.000573
0.000000
