
#
10
5	5.81614	4.725
5	12.4078	10.08
5	26.6862	12.6069
4	1.62797	1.25388
7	-0.0922222	-0.0233086
7	-0.099282	-0.079647
5	-120	-96

b
10
5	2.94969	2.295
5	6.29266	4.896
5	14.1877	5.74013
4	1.30238	1.5215
7	-0.130022	-0.0863086
7	-0.099282	-0.0706475
5	-96	-76.8

tS
20
10	4.13389	4.11201
10	8.81896	8.77229
10	19.3321	18.9328
5	-0.682208	-0.791111
5	0.16383	0.398792
5	0.118821	0.286647
5	-102	-81.6

d
12
7	6.78075	6.3
7	14.4656	13.44
7	29.1501	27.6549
10	1.82576	1.98612
8	-0.280554	-0.16821
8	-0.134365	-0.073351
6	-120	-96

f
18
9	4.3165	3.8115
9	9.20853	8.1312
9	20.8455	19.784
10	1.89221	1.7185
2	-0.160677	-0.08001
13	-0.840351	-0.950853
9	-102	-81.6

g
14
7	7.49304	7.245
7	15.9851	15.456
7	33.1858	31.3029
9	1.46597	1.73988
8	-0.159725	-0.124108
8	-0.05692	-0.028352
7	-120	-96

k
14
7	7.49304	7.245
7	15.9851	15.456
7	33.1858	31.3029
9	1.46597	1.73988
8	-0.159725	-0.124108
8	-0.05692	-0.028352
7	-120	-96

l
20
10	8.235	8.145
10	17.568	17.376
10	34.3429	34.0389
7	2.14812	2.31012
14	-0.159725	-0.124108
14	-0.05692	-0.028352
10	-120	-96

m
10
5	2.94969	2.295
5	6.29266	4.896
5	14.1877	5.74013
4	1.30238	1.5215
7	-0.130022	-0.0863086
7	-0.099282	-0.0706475
5	-96	-76.8

n
14
7	7.49304	7.245
7	15.9851	15.456
7	33.1858	31.3029
9	1.46597	1.73988
8	-0.159725	-0.124108
8	-0.05692	-0.028352
7	-120	-96

p
10
5	3.48968	2.835
5	7.44466	6.048
5	15.0997	12.1241
4	1.30238	1.5215
7	-0.130022	-0.0863086
7	-0.099282	-0.0706475
5	-96	-76.8

r
14
7	7.49304	7.245
7	15.9851	15.456
7	33.1858	31.3029
9	1.46597	1.73988
8	-0.159725	-0.124108
8	-0.05692	-0.028352
7	-120	-96

s
12
7	6.78075	6.3
7	14.4656	13.44
7	29.1501	27.6549
10	1.82576	1.98612
8	-0.280554	-0.16821
4	-0.134365	-0.073351
6	-120	-96

SS
20
10	4.13389	4.11201
10	8.81896	8.77229
10	19.3321	18.9328
5	-0.682208	-0.791111
5	0.16383	0.398792
5	0.118821	0.286647
10	-102	-81.6

t
12
7	6.78075	6.3
7	14.4656	13.44
7	29.1501	27.6549
10	1.82576	1.98612
8	-0.280554	-0.16821
4	-0.134365	-0.073351
6	-120	-96

th
12
7	6.78075	6.3
7	14.4656	13.44
7	29.1501	27.6549
10	1.82576	1.98612
8	-0.280554	-0.16821
4	-0.134365	-0.073351
6	-120	-96

v
18
9	4.3165	3.8115
9	9.20853	8.1312
9	20.8455	19.784
10	1.89221	1.7185
2	-0.160677	-0.08001
13	-0.840351	-0.950853
9	-102	-81.6

w
18
9	4.3165	3.8115
9	9.20853	8.1312
9	20.8455	19.784
10	-1.25558	-1.48555
2	0.346761	0.52101
13	0.194649	0.399147
9	-102	-81.6

z
12
7	6.78075	6.3
7	14.4656	13.44
7	29.1501	27.6549
10	1.82576	1.98612
8	-0.280554	-0.16821
4	-0.134365	-0.073351
6	-120	-96
