
#
50
25	10.0445	6.75
25	21.4284	14.4
25	43.5378	34.6469
20	1.782	1.73988
35	-0.135155	-0.111509
35	-0.112201	-0.066148
25	-120	-96

b
50
25	5.48673	4.59
25	11.705	9.792
25	22.4747	19.8761
20	1.62584	1.7807
35	-0.135155	-0.111509
35	-0.112201	-0.066148
25	-96	-76.8

tS
35
18	9.00457	7.7805
18	19.2098	16.5984
18	33.7744	30.424
5	-0.804753	-0.957777
18	0.286396	0.0396928
18	0.196693	0.309148
18	-102	-81.6

d
50
30	12.1842	10.215
30	25.993	21.792
30	48.2265	41.0309
15	2.18262	2.39112
40	-0.362469	-0.193407
40	-0.138949	-0.095851
25	-120	-96

f
50
30	7.721	6.07351
30	16.4715	12.9568
30	29.6463	25.0923
16	2.07648	1.97769
36	-0.232453	-0.149307
13	-1.00231	-1.16685
25	-102	-81.6

g
50
25	12.892	11.25
25	27.503	24
25	50.4616	45.2869
20	1.8703	2.22588
25	-0.236469	-0.256407
25	-0.0939485	-0.140851
25	-120	-96

k
50
25	12.892	11.25
25	27.503	24
25	50.4616	45.2869
20	1.8703	2.22588
25	-0.236469	-0.256407
25	-0.0939485	-0.140851
25	-120	-96

l
46
23	13.635	12.465
23	29.088	26.592
23	52.1269	37.9909
20	2.34462	2.55312
21	-0.236469	-0.256407
21	-0.0939485	-0.140851
23	-120	-96

m
50
25	5.48673	4.59
25	11.705	9.792
25	22.4747	19.8761
20	1.62584	1.7807
35	-0.135155	-0.111509
35	-0.112201	-0.066148
25	-96	-76.8

n
50
25	12.892	11.25
25	27.503	24
25	50.4616	45.2869
20	1.8703	2.22588
25	-0.236469	-0.256407
25	-0.0939485	-0.140851
25	-120	-96

p
50
25	5.48673	4.59
25	11.705	9.792
25	22.4747	19.8761
20	1.62584	1.7807
35	-0.135155	-0.111509
35	-0.112201	-0.066148
25	-96	-76.8

r
50
25	12.892	11.25
25	27.503	24
25	50.4616	45.2869
20	1.8703	2.22588
25	-0.236469	-0.256407
25	-0.0939485	-0.140851
25	-120	-96

s
50
30	12.1842	10.215
30	25.993	21.792
30	48.2265	41.0309
15	2.18262	2.39112
40	-0.362469	-0.193407
40	-0.138949	-0.095851
25	-120	-96

SS
35
18	9.00457	7.7805
18	19.2098	16.5984
18	33.7744	30.424
5	-0.804753	-0.957777
18	0.286396	0.0396928
18	0.196693	0.309148
18	-102	-81.6

t
50
30	12.1842	10.215
30	25.993	21.792
30	48.2265	41.0309
15	2.18262	2.39112
40	-0.362469	-0.193407
40	-0.138949	-0.095851
25	-120	-96

th
50
30	12.1842	10.215
30	25.993	21.792
30	48.2265	41.0309
15	2.18262	2.39112
40	-0.362469	-0.193407
40	-0.138949	-0.095851
25	-120	-96

v
50
30	7.721	6.07351
30	16.4715	12.9568
30	29.6463	25.0923
16	2.07648	1.97769
36	-0.232453	-0.149307
13	-1.00231	-1.16685
25	-102	-81.6

w
50
30	7.721	6.07351
30	16.4715	12.9568
30	29.6463	25.0923
16	-1.49877	-1.65222
36	0.232453	0.379893
13	0.122686	0.363149
25	-102	-81.6

z
50
30	12.1842	10.215
30	25.993	21.792
30	48.2265	41.0309
15	2.18262	2.39112
40	-0.362469	-0.193407
40	-0.138949	-0.095851
25	-120	-96
