
# a
10
5	0.12
5	0.0888888
5	0.0842104
5	0.3
5	0.378
5	0.27
5	-75.6

# e
10
5	0.12
5	0.0888888
5	0.0842104
5	0.3
5	0.378
5	0.27
5	-75.6

# i
10
5	0.12
5	0.0888888
5	0.0842104
5	0.3
5	0.378
5	0.27
5	-75.6

# o
10
5	0.12
5	0.0888888
5	0.0842104
5	0.3
5	0.378
5	0.27
5	-75.6

# u
10
5	0.12
5	0.0888888
5	0.0842104
5	0.3
5	0.378
5	0.27
5	-75.6

# y
10
5	0.12
5	0.0888888
5	0.0842104
5	0.3
5	0.378
5	0.27
5	-75.6

b a
15
8	-1.215
8	-2.22222
8	3.73373
9	2.02306
7	-0.0422107
7	-0.016649
8	-36

b e
14
7	-1.16561
7	-2.13189
7	3.05039
11	2.39461
5	-0.514711
5	-0.2475
7	-36

b i
14
7	-1.11622
7	-2.04155
7	2.91425
11	2.76618
5	-0.987211
5	-0.478352
7	-36

b o
16
8	-0.770397
8	-1.40905
8	4.7047
10	-0.927596
6	0.587789
6	0.6075
8	-54

b u
16
8	-0.325795
8	-0.595874
8	5.67568
10	-3.12948
6	1.21779
6	1.23165
8	-72

b y
16
8	-0.721005
8	-1.31871
8	4.02137
10	-0.693557
6	1.21779
6	1.23165
8	-72

tS a
20
10	3.63071
10	7.74552
10	15.0533
10	-1.14955
9	1.32982
9	0.859416
10	-72

tS e
14
6	3.82936
6	8.1693
6	14.2595
8	-1.17089
8	1.07061
8	0.708524
7	-72

tS i
14
6	4.02801
6	8.59309
6	13.4657
8	-1.19224
8	0.811403
8	0.557632
7	-72

tS o
10
4	3.73909
4	7.97673
4	13.3658
5	-1.56827
4	2.05531
5	1.31553
5	-72

tS u
10
4	3.84747
4	8.20793
4	11.6783
5	-1.987
4	2.78081
5	1.77165
5	-72

tS y
10
4	3.93774
4	8.40051
4	12.572
5	-1.58962
4	2.78081
5	1.77165
5	-72

d a
12
6	3.69743
6	7.88786
6	18.6847
5	2.44571
8	-0.132649
8	-0.0453655
6	-90

d e
10
5	3.21415
5	6.85685
5	18.3168
3	3.05207
5	-0.394106
5	-0.253725
5	-90

d i
10
5	2.73086
5	5.82584
5	17.9489
3	3.65842
5	-0.655563
5	-0.462085
5	-90

d o
17
7	3.92725
7	8.37813
7	14.9632
14	-0.65246
11	0.869847
11	0.548141
8	-90

d u
17
7	4.15706
7	8.8684
7	11.2418
14	-2.05977
11	1.87234
11	1.14165
8	-90

d y
17
7	3.44396
7	7.34712
7	14.5953
14	-0.465313
11	1.87234
11	1.14165
8	-90

f a
21
12	0.205956
12	0.439373
12	8.56243
11	1.83125
14	-0.0480396
4	-2.07036
11	-48

f e
14
7	0.0291195
7	0.0621224
5	8.81713
6	2.14973
10	-0.360125
2	-2.11866
7	-48

f i
14
7	-0.133983
7	-0.198494
5	9.07184
6	2.46821
10	-0.672211
2	-2.16696
7	-48

f o
15
8	0.744999
8	1.58933
8	8.10313
11	-1.04053
10	0.458875
6	-1.34581
8	-48

f u
15
8	1.28404
8	2.73929
8	7.64383
11	-3.65106
10	0.965789
6	-0.621263
8	-48

f y
15
8	0.568163
8	1.21208
8	8.35783
11	-0.767482
10	0.965789
6	-0.621263
8	-48

g a
8
4	5.72895
4	12.2218
4	25.7613
4	2.37383
3	-0.365749
3	-0.216366
4	-108

g e
10
6	5.47848
6	11.6874
6	24.7786
7	3.40308
7	-0.790641
7	-0.50774
5	-108

g i
10
6	5.228
6	11.1531
6	23.7958
7	4.43232
7	-1.21553
7	-0.799115
5	-108

g o
15
8	4.77545
8	10.1876
8	20.2941
4	-0.644953
12	0.355221
12	0.341469
8	-108

g u
15
8	3.82195
8	8.1535
8	14.8269
4	-2.02257
12	1.07619
12	0.899303
8	-108

g y
15
8	4.52498
8	9.65328
8	19.3114
4	-0.327286
12	1.07619
12	0.899303
8	-108

k a
8
4	5.72895
4	12.2218
4	25.7613
4	2.37383
3	-0.365749
3	-0.216366
4	-108

k e
10
6	5.47848
6	11.6874
6	24.7786
7	3.40308
7	-0.790641
7	-0.50774
5	-108

k i
10
6	5.228
6	11.1531
6	23.7958
7	4.43232
7	-1.21553
7	-0.799115
5	-108

k o
15
8	4.77545
8	10.1876
8	20.2941
4	-0.644953
12	0.355221
12	0.341469
8	-108

k u
15
8	3.82195
8	8.1535
8	14.8269
4	-2.02257
12	1.07619
12	0.899303
8	-108

k y
15
8	4.52498
8	9.65328
8	19.3114
4	-0.327286
12	1.07619
12	0.899303
8	-108

l a
10
5	8.73
5	18.624
5	34.3429
3	2.69783
3	-0.365749
3	-0.216366
5	-120

l e
15
8	7.82303
8	16.6891
8	31.7589
6	3.64608
10	-0.790641
10	-0.50774
8	-120

l i
15
8	6.91605
8	14.7542
8	29.1749
6	4.59432
10	-1.21553
10	-0.799115
8	-120

l o
18
10	7.19125
10	15.3413
10	28.7949
10	-0.619953
15	0.544221
15	0.390969
9	-120

l u
18
10	5.65249
10	12.0586
10	23.2469
10	-2.07257
15	1.45419
15	0.998303
9	-120

l y
18
10	6.28427
10	13.4064
10	26.2109
10	-0.327286
15	1.45419
15	0.998303
9	-120

m a
15
8	-1.10748
8	-2.02556
8	3.9949
10	0.239674
10	-0.0422107
10	-0.028352
8	-36

m e
14
7	-1.06549
7	-1.94877
7	4.24292
7	0.935925
4	-0.514711
4	-0.253352
7	-36

m i
14
7	-1.02351
7	-1.87198
7	4.49094
7	1.63218
4	-0.987211
4	-0.478352
7	-36

m o
16
8	-0.735384
8	-1.34501
8	6.11133
11	-0.574395
10	0.587789
10	0.376649
8	-36

m u
16
8	-0.36329
8	-0.664455
8	8.22777
11	-1.29976
10	1.21779
10	0.78165
8	-36

m y
16
8	-0.693399
8	-1.26822
8	6.35935
11	-0.13584
10	1.21779
10	0.78165
8	-36

n a
8
4	5.72895
4	12.2218
4	25.7613
4	2.37383
3	-0.365749
3	-0.216366
4	-108

n e
10
6	5.47848
6	11.6874
6	24.7786
7	3.40308
7	-0.790641
7	-0.50774
5	-108

n i
10
6	5.228
6	11.1531
6	23.7958
7	4.43232
7	-1.21553
7	-0.799115
5	-108

n o
15
8	4.77545
8	10.1876
8	20.2941
4	-0.644953
12	0.355221
12	0.341469
8	-108

n u
15
8	3.82195
8	8.1535
8	14.8269
4	-2.02257
12	1.07619
12	0.899303
8	-108

n y
15
8	4.52498
8	9.65328
8	19.3114
4	-0.327286
12	1.07619
12	0.899303
8	-108

p a
15
8	-1.34403
8	-2.45822
8	4.02916
10	0.284049
9	-0.0422107
9	-0.028352
8	-36

p e
14
7	-1.26312
7	-2.31023
7	3.36215
11	0.958112
4	-0.514711
4	-0.253352
7	-36

p i
14
7	-1.18221
7	-2.16225
7	2.69514
11	1.63218
4	-0.987211
4	-0.478352
7	-36

p o
16
8	-0.909743
8	-1.66391
8	5.63428
14	-0.280224
12	0.587789
12	0.421648
8	-36

p u
16
8	-0.475455
8	-0.869601
8	7.2394
14	-0.739364
12	1.21779
12	0.871648
8	-36

p y
16
8	-0.828831
8	-1.51592
8	4.96727
14	0.22918
12	1.21779
12	0.871648
8	-36

r a
8
4	5.72895
4	12.2218
4	25.7613
4	2.37383
3	-0.365749
3	-0.216366
4	-108

r e
8
6	5.47848
6	11.6874
6	24.7786
7	3.40308
7	-0.790641
7	-0.50774
5	-108

r i
10
6	5.228
6	11.1531
6	23.7958
7	4.43232
7	-1.21553
7	-0.799115
5	-108

r o
15
8	4.77545
8	10.1876
8	20.2941
4	-0.644953
12	0.355221
12	0.341469
8	-108

r u
15
8	3.82195
8	8.1535
8	14.8269
4	-2.02257
12	1.07619
12	0.899303
8	-108

r y
15
8	4.52498
8	9.65328
8	19.3114
4	-0.327286
12	1.07619
12	0.899303
8	-108

s a
12
6	3.69743
6	7.88786
6	18.6847
5	2.44571
8	-0.132649
8	-0.0453655
6	-90

s e
10
5	3.21415
5	6.85685
5	18.3168
3	3.05207
5	-0.394106
5	-0.253725
5	-90

s i
10
5	2.73086
5	5.82584
5	17.9489
3	3.65842
5	-0.655563
5	-0.462085
5	-90

s o
20
7	3.92725
7	8.37813
7	14.9632
14	-0.65246
11	0.869847
11	0.548141
8	-90

s u
17
7	4.15706
7	8.8684
7	11.2418
14	-2.05977
11	1.87234
11	1.14165
8	-90

s y
20
7	3.44396
7	7.34712
7	14.5953
14	-0.465313
11	1.87234
11	1.14165
8	-90

SS a
20
10	3.63071
10	7.74552
10	15.0533
10	-1.14955
9	1.32982
9	0.859416
10	-72

SS e
14
7	3.60412
7	7.68878
7	15.8091
8	-1.17089
8	1.14058
8	0.835266
7	-72

SS i
14
7	3.57752
7	7.63205
7	16.5649
8	-1.19224
8	0.95134
8	0.811117
7	-72

SS o
10
5	3.73909
5	7.97673
5	13.3658
5	-1.56827
5	1.74031
5	1.09053
5	-72

SS u
10
5	3.84747
5	8.20793
5	11.6783
5	-1.987
5	2.15081
5	1.32165
5	-72

SS y
10
5	3.7125
5	7.91999
5	14.1216
5	-1.58962
5	2.15081
5	1.32165
5	-72

t a
12
6	4.59743
6	9.80786
6	20.2047
5	2.44571
8	-0.132649
8	-0.0453655
6	-90

t e
10
5	3.66415
5	7.81685
5	19.0768
3	3.05207
5	-0.394106
5	-0.253725
5	-90

t i
10
5	2.73086
5	5.82584
5	17.9489
3	3.65842
5	-0.655563
5	-0.462085
5	-90

t o
16
7	4.37725
7	9.33813
7	15.7232
14	-0.65246
11	0.869847
11	0.548141
8	-90

t u
17
7	4.15706
7	8.8684
7	11.2418
14	-2.05977
11	1.87234
11	1.14165
8	-90

t y
16
7	3.44396
7	7.34712
7	14.5953
14	-0.465313
11	1.87234
11	1.14165
8	-90

th a
12
6	3.69743
6	7.88786
6	18.6847
5	2.44571
8	-0.132649
8	-0.0453655
6	-90

th e
10
5	3.21415
5	6.85685
5	18.3168
3	3.05207
5	-0.394106
5	-0.253725
5	-90

th i
10
5	2.73086
5	5.82584
5	17.9489
3	3.65842
5	-0.655563
5	-0.462085
5	-90

th o
16
7	3.92725
7	8.37813
7	14.9632
14	-0.65246
11	0.869847
11	0.548141
8	-90

th u
17
7	4.15706
7	8.8684
7	11.2418
14	-2.05977
11	1.87234
11	1.14165
8	-90

th y
16
7	3.44396
7	7.34712
7	14.5953
14	-0.465313
11	1.87234
11	1.14165
8	-90

v a
21
12	0.205956
12	0.439373
12	8.56243
11	1.83125
14	-0.0480396
4	-2.07036
11	-48

v e
14
7	0.0291195
7	0.0621224
5	8.81713
6	2.14973
10	-0.360125
2	-2.11866
7	-48

v i
14
7	-0.133983
7	-0.198494
5	9.07184
6	2.46821
10	-0.672211
2	-2.16696
7	-48

v o
15
8	0.744999
8	1.58933
8	8.10313
11	-1.04053
10	0.458875
6	-1.34581
8	-48

v u
15
8	1.28404
8	2.73929
8	7.64383
11	-3.65106
10	0.965789
6	-0.621263
8	-48

v y
15
8	0.568163
8	1.21208
8	8.35783
11	-0.767482
10	0.965789
6	-0.621263
8	-48

w a
18
9	3.54431
9	7.5612
9	13.7163
9	-1.8362
2	0.634484
2	0.572686
9	-72

w e
14
7	2.74661
7	5.85944
7	12.6525
9	-1.69233
7	0.579637
7	0.535101
7	-72

w i
14
7	1.94891
7	4.15768
7	11.5887
9	-1.54847
7	0.52479
7	0.497516
7	-72

w o
15
8	2.7724
8	5.91445
8	12.559
11	-2.06698
10	1.33838
13	0.970675
8	-72

w u
15
8	2.00048
8	4.2677
8	11.4018
11	-2.29777
10	2.04228
13	1.36866
8	-72

w y
15
8	1.9747
8	4.21269
8	11.4952
11	-1.92312
10	2.04228
13	1.36866
8	-72

z a
12
6	3.69743
6	7.88786
6	18.6847
5	2.44571
8	-0.132649
8	-0.0453655
6	-90

z e
10
5	3.21415
5	6.85685
5	18.3168
3	3.05207
5	-0.394106
5	-0.253725
5	-90

z i
10
5	2.73086
5	5.82584
5	17.9489
3	3.65842
5	-0.655563
5	-0.462085
5	-90

z o
20
7	3.92725
7	8.37813
7	14.9632
14	-0.65246
11	0.869847
11	0.548141
8	-90

z u
17
7	4.15706
7	8.8684
7	11.2418
14	-2.05977
11	1.87234
11	1.14165
8	-90

z y
20
7	3.44396
7	7.34712
7	14.5953
14	-0.465313
11	1.87234
11	1.14165
8	-90
