
#
14
7	5.49375	4.4325
7	11.72	9.456
7	24.9894	16.7489
9	2.22581	1.99908
2	-0.317358	-0.221759
3	-0.0937805	-0.077398
7	-120	-96

b
14
7	2.89125	2.3895
7	6.168	5.0976
7	13.8536	9.13733
9	1.85453	2.06064
2	-0.273259	-0.269009
3	-0.140501	-0.155248
7	-96	-76.8

tS
15
10	4.24674	4.135
10	9.05971	8.82135
10	16.8048	15.9004
11	-0.655571	-0.805
3	0.243214	0.476911
5	0.158227	0.331647
8	-102	-81.6

d
10
6	5.94467	5.54625
6	12.682	11.832
6	27.0211	25.9449
4	2.46794	2.4219
5	-0.551162	-0.492659
5	-0.343224	-0.298351
5	-120	-96

f
12
6	3.62711	3.213
6	7.73783	6.8544
6	18.503	17.4964
6	2.32607	2.3017
4	-0.507669	-0.495809
10	-0.786413	-0.896853
6	-102	-81.6

g
15
7	7.05623	6.9075
7	15.0533	14.736
7	31.2459	30.1629
10	2.71472	2.916
11	-0.490748	-0.470608
11	-0.304502	-0.275852
8	-120	-96

k
15
7	7.05623	6.9075
7	15.0533	14.736
7	31.2459	30.1629
10	2.71472	2.916
11	-0.490748	-0.470608
11	-0.304502	-0.275852
8	-120	-96

l
20
10	7.59948	7.5195
10	16.2122	16.0416
10	31.2246	31.1129
9	3.13679	3.28212
11	-0.490748	-0.470608
11	-0.304502	-0.275852
10	-120	-96

m
14
7	2.89125	2.3895
7	6.168	5.0976
7	13.8536	9.13733
9	1.85453	2.06064
2	-0.273259	-0.269009
3	-0.140501	-0.155248
7	-96	-76.8

n
15
7	7.05623	6.9075
7	15.0533	14.736
7	31.2459	30.1629
10	2.71472	2.916
11	-0.490748	-0.470608
11	-0.304502	-0.275852
8	-120	-96

p
14
7	3.16125	2.6595
7	6.744	5.6736
7	14.3096	12.3293
9	1.85453	2.06064
2	-0.273259	-0.269009
3	-0.140501	-0.155248
7	-96	-76.8

r
15
7	7.05623	6.9075
7	15.0533	14.736
7	31.2459	30.1629
10	2.71472	2.916
11	-0.490748	-0.470608
11	-0.304502	-0.275852
8	-120	-96

s
10
6	5.94467	5.54625
6	12.682	11.832
6	27.0211	25.9449
4	2.46794	2.4219
2	-0.551162	-0.492659
5	-0.343224	-0.298351
5	-120	-96

SS
15
10	4.24674	4.135
10	9.05971	8.82135
10	16.8048	15.9004
11	-0.655571	-0.805
3	0.243214	0.476911
5	0.158227	0.331647
8	-102	-81.6

t
10
6	5.94467	5.54625
6	12.682	11.832
6	27.0211	25.9449
4	2.46794	2.4219
2	-0.551162	-0.492659
5	-0.343224	-0.298351
5	-120	-96

th
10
6	5.94467	5.54625
6	12.682	11.832
6	27.0211	25.9449
4	2.46794	2.4219
2	-0.551162	-0.492659
5	-0.343224	-0.298351
5	-120	-96

v
12
6	3.62711	3.213
6	7.73783	6.8544
6	18.503	17.4964
6	2.32607	2.3017
4	-0.507669	-0.495809
10	-0.786413	-0.896853
6	-102	-81.6

w
12
6	3.62711	3.213
6	7.73783	6.8544
6	18.503	17.4964
6	-1.05267	-1.45778
4	0.313048	0.434701
10	0.248587	0.408148
6	-102	-81.6

z
10
6	5.94467	5.54625
6	12.682	11.832
6	27.0211	25.9449
4	2.46794	2.4219
2	-0.551162	-0.492659
5	-0.343224	-0.298351
5	-120	-96
