
#
40
30	8.87956	6.7275
30	18.9431	14.352
30	37.7237	32.3669
26	2.38542	2.24208
20	-0.381426	-0.297359
25	-0.196743	-0.204749
20	-120	-96

b
40
20	4.78773	4.1715
20	10.2138	8.8992
20	19.8982	18.0521
26	2.14458	2.31984
20	-0.290076	-0.306809
25	-0.167492	-0.150749
20	-96	-76.8

tS
35
15	7.52561	6.78825
15	16.0546	14.4816
15	29.6878	26.8596
16	-0.800177	-1.02722
17	0.208543	0.175143
13	0.144729	0.327148
18	-102	-81.6

d
35
15	10.0452	8.8875
15	21.4297	18.96
15	40.2962	35.0269
16	2.82333	2.75562
17	-0.654181	-0.539907
13	-0.381114	-0.325352
18	-120	-96

f
60
35	6.47768	4.48576
35	13.819	9.56962
35	25.247	20.6294
15	2.54151	2.5609
33	-0.608538	-0.584006
25	-0.94992	-1.14885
30	-102	-81.6

g
25
11	10.2752	9.36
11	21.9205	19.968
11	41.2103	38.0669
8	3.00552	3.2805
12	-0.591181	-0.571407
13	-0.358614	-0.347852
13	-120	-96

k
25
11	10.2752	9.36
11	21.9205	19.968
11	41.2103	38.0669
8	3.00552	3.2805
12	-0.591181	-0.571407
13	-0.358614	-0.347852
13	-120	-96

l
50
21	11.7237	10.2825
21	25.0105	21.936
21	45.2085	35.1029
18	3.32368	3.52512
20	-0.591181	-0.571407
20	-0.358614	-0.347852
25	-120	-96

m
40
20	4.78773	4.1715
20	10.2138	8.8992
20	19.8982	18.0521
26	2.14458	2.31984
20	-0.290076	-0.306809
25	-0.167492	-0.150749
20	-96	-76.8

n
25
11	10.2752	9.36
11	21.9205	19.968
11	41.2103	38.0669
8	3.00552	3.2805
12	-0.591181	-0.571407
13	-0.358614	-0.347852
13	-120	-96

p
40
20	4.78773	4.1715
20	10.2138	8.8992
20	19.8982	18.0521
26	2.14458	2.31984
20	-0.290076	-0.306809
25	-0.167492	-0.150749
20	-96	-76.8

r
25
11	10.2752	9.36
11	21.9205	19.968
11	41.2103	38.0669
8	3.00552	3.2805
12	-0.591181	-0.571407
13	-0.358614	-0.347852
13	-120	-96

s
35
15	10.0452	8.8875
15	21.4297	18.96
15	40.2962	35.0269
16	2.82333	2.75562
17	-0.654181	-0.539907
13	-0.381114	-0.325352
18	-120	-96

SS
35
15	7.52561	6.78825
15	16.0546	14.4816
15	29.6878	26.8596
16	-0.800177	-1.02722
17	0.208543	0.175143
13	0.144729	0.327148
18	-102	-81.6

t
35
15	10.0452	8.8875
15	21.4297	18.96
15	40.2962	35.0269
16	2.82333	2.75562
17	-0.654181	-0.539907
13	-0.381114	-0.325352
18	-120	-96

th
35
15	10.0452	8.8875
15	21.4297	18.96
15	40.2962	35.0269
16	2.82333	2.75562
17	-0.654181	-0.539907
13	-0.381114	-0.325352
18	-120	-96

v
60
35	6.47768	4.48576
35	13.819	9.56962
35	25.247	20.6294
15	2.54151	2.5609
33	-0.608538	-0.584006
25	-0.94992	-1.14885
30	-102	-81.6

w
60
35	6.47768	4.48576
35	13.819	9.56962
35	25.247	20.6294
15	-1.28268	-1.40222
33	0.190914	0.405091
25	0.24258	0.493648
30	-102	-81.6

z
35
15	10.0452	8.8875
15	21.4297	18.96
15	40.2962	35.0269
16	2.01333	1.94562
17	-0.654181	-0.539907
13	-0.381114	-0.325352
18	-120	-96
