
#
14
7	5.17136	4.14
7	11.0322	8.832
7	23.2925	20.8909
9	2.82365	2.74428
2	-0.542494	-0.42021
3	-0.0882785	-0.07515
7	-120	-96

b
14
7	2.83282	2.484
7	6.04334	5.2992
7	13.5195	12.5345
9	2.40668	2.59978
2	-0.416496	-0.451709
3	-0.181721	-0.23985
7	-96	-76.8

tS
15
10	4.35959	4.158
10	9.30047	8.8704
10	14.2774	12.868
11	-0.628933	-0.818888
3	0.322597	0.555029
5	0.197632	0.376649
8	-102	-81.6

d
10
6	5.10859	4.7925
6	10.8983	10.224
6	24.8921	24.2349
4	3.11011	2.85768
5	-0.821769	-0.817108
5	-0.552085	-0.523352
5	-120	-96

f
12
6	2.93772	2.6145
6	6.26713	5.5776
6	16.1605	15.2088
6	2.75992	2.8849
4	-0.854664	-0.911609
10	-0.732475	-0.842852
6	-102	-81.6

g
15
7	6.61942	6.57
7	14.1214	14.016
7	29.306	29.0229
10	3.96346	4.09212
11	-0.821769	-0.817108
11	-0.552085	-0.523352
8	-120	-96

k
15
7	6.61942	6.57
7	14.1214	14.016
7	29.306	29.0229
10	3.96346	4.09212
11	-0.821769	-0.817108
11	-0.552085	-0.523352
8	-120	-96

l
20
10	6.96397	6.894
10	14.8565	14.7072
10	28.1063	28.1869
9	4.12546	4.25412
11	-0.821769	-0.817108
11	-0.552085	-0.523352
10	-120	-96

m
14
7	2.83282	2.484
7	6.04334	5.2992
7	13.5195	12.5345
9	2.40668	2.59978
2	-0.416496	-0.451709
3	-0.181721	-0.23985
7	-96	-76.8

n
15
7	6.61942	6.57
7	14.1214	14.016
7	29.306	29.0229
10	3.96346	4.09212
11	-0.821769	-0.817108
11	-0.552085	-0.523352
8	-120	-96

p
14
7	2.83282	2.484
7	6.04334	5.2992
7	13.5195	12.5345
9	2.40668	2.59978
2	-0.416496	-0.451709
3	-0.181721	-0.23985
7	-96	-76.8

r
15
7	6.61942	6.57
7	14.1214	14.016
7	29.306	29.0229
10	3.96346	4.09212
11	-0.821769	-0.817108
11	-0.552085	-0.523352
8	-120	-96

s
10
6	5.10859	4.7925
6	10.8983	10.224
6	24.8921	24.2349
4	3.11011	2.85768
2	-0.821769	-0.817108
5	-0.552085	-0.523352
5	-120	-96

SS
15
10	4.35959	4.158
10	9.30047	8.8704
10	14.2774	12.868
11	-0.628933	-0.818888
3	0.322597	0.555029
5	0.197632	0.376649
8	-102	-81.6

t
10
6	5.10859	4.7925
6	10.8983	10.224
6	24.8921	24.2349
4	3.11011	2.85768
2	-0.821769	-0.817108
5	-0.552085	-0.523352
5	-120	-96

th
10
6	5.10859	4.7925
6	10.8983	10.224
6	24.8921	24.2349
4	3.11011	2.85768
2	-0.821769	-0.817108
5	-0.552085	-0.523352
5	-120	-96

v
12
6	2.93772	2.6145
6	6.26713	5.5776
6	16.1605	15.2088
6	2.75992	2.8849
4	-0.854664	-0.911609
10	-0.732475	-0.842852
6	-102	-81.6

w
12
6	2.93772	2.6145
6	6.26713	5.5776
6	16.1605	15.2088
6	-0.849762	-1.43
4	0.279336	0.348391
10	0.302525	0.417147
6	-102	-81.6

z
10
6	5.10859	4.7925
6	10.8983	10.224
6	24.8921	24.2349
4	3.11011	2.85768
2	-0.821769	-0.817108
5	-0.552085	-0.523352
5	-120	-96
