
#
40
30	7.71457	6.705
30	16.4577	14.304
30	31.9096	30.0869
26	2.98884	2.74428
20	-0.627698	-0.483209
25	-0.281284	-0.34335
20	-120	-96

b
40
20	4.08874	3.753
20	8.72265	8.0064
20	17.3218	16.2281
26	2.66333	2.85898
20	-0.444998	-0.502109
25	-0.222784	-0.23535
20	-96	-76.8

tS
35
15	6.04665	5.796
15	12.8995	12.3648
15	25.6012	23.2952
16	-0.795599	-1.09667
17	0.130689	0.310593
13	0.0927655	0.345149
18	-102	-81.6

d
35
15	7.90611	7.56
15	16.8664	16.128
15	32.3658	29.0229
16	3.46405	3.12012
17	-0.945892	-0.886407
13	-0.62328	-0.554852
18	-120	-96

f
60
35	5.23435	2.898
35	11.1666	6.1824
35	20.8477	16.1664
15	3.00654	3.1441
33	-0.984623	-1.01871
25	-0.897527	-1.13085
30	-102	-81.6

g
25
11	7.65839	7.47
11	16.3379	15.936
11	31.959	30.8469
8	4.14074	4.33512
12	-0.945892	-0.886407
13	-0.62328	-0.554852
13	-120	-96

k
25
11	7.65839	7.47
11	16.3379	15.936
11	31.959	30.8469
8	4.14074	4.33512
12	-0.945892	-0.886407
13	-0.62328	-0.554852
13	-120	-96

l
50
21	9.81231	8.1
21	20.9329	17.28
21	38.2901	32.2149
18	4.30274	4.49712
20	-0.945892	-0.886407
20	-0.62328	-0.554852
25	-120	-96

m
40
20	4.08874	3.753
20	8.72265	8.0064
20	17.3218	16.2281
26	2.66333	2.85898
20	-0.444998	-0.502109
25	-0.222784	-0.23535
20	-96	-76.8

n
25
11	7.65839	7.47
11	16.3379	15.936
11	31.959	30.8469
8	4.14074	4.33512
12	-0.945892	-0.886407
13	-0.62328	-0.554852
13	-120	-96

p
40
20	4.08874	3.753
20	8.72265	8.0064
20	17.3218	16.2281
26	2.66333	2.85898
20	-0.444998	-0.502109
25	-0.222784	-0.23535
20	-96	-76.8

r
25
11	7.65839	7.47
11	16.3379	15.936
11	31.959	30.8469
8	4.14074	4.33512
12	-0.945892	-0.886407
13	-0.62328	-0.554852
13	-120	-96

s
35
15	7.90611	7.56
15	16.8664	16.128
15	32.3658	29.0229
16	3.46405	3.12012
17	-0.945892	-0.886407
13	-0.62328	-0.554852
18	-120	-96

SS
35
15	6.04665	5.796
15	12.8995	12.3648
15	25.6012	23.2952
16	-0.795599	-1.09667
17	0.130689	0.310593
13	0.0927655	0.345149
18	-102	-81.6

t
35
15	7.90611	7.56
15	16.8664	16.128
15	32.3658	29.0229
16	3.46405	3.12012
17	-0.945892	-0.886407
13	-0.62328	-0.554852
18	-120	-96

th
35
15	7.90611	7.56
15	16.8664	16.128
15	32.3658	29.0229
16	3.46405	3.12012
17	-0.945892	-0.886407
13	-0.62328	-0.554852
18	-120	-96

v
60
35	5.23435	2.898
35	11.1666	6.1824
35	20.8477	16.1664
15	3.00654	3.1441
33	-0.984623	-1.01871
25	-0.897527	-1.13085
30	-102	-81.6

w
60
35	5.23435	2.898
35	11.1666	6.1824
35	20.8477	16.1664
15	-1.06659	-1.15222
33	0.149376	0.430289
25	0.362473	0.624147
30	-102	-81.6

z
35
15	7.90611	7.56
15	16.8664	16.128
15	32.3658	29.0229
16	1.84405	1.50012
17	-0.945892	-0.886407
13	-0.62328	-0.554852
18	-120	-96
