
#
44
16	8.48624	6.55875
16	18.104	13.992
16	35.6409	28.8709
31	-0.501428	-0.45
27	0.675981	0.55314
39	0.409503	0.357751
22	-84	-67.2

b
44
22	4.14674	3.93525
22	8.84638	8.3952
22	18.6486	16.4105
31	-0.764223	-0.777777
27	0.738981	0.773641
39	0.499503	0.550057
22	-72	-57.6

tS
34
10	6.64602	5.35342
10	14.1782	11.4206
8	25.3796	21.3268
10	-1.47223	-1.68688
8	1.4079	1.32174
15	0.939487	1.01565
17	-78	-62.4

d
33
15	8.74915	7.5825
15	18.6648	16.176
15	33.1626	28.9849
24	-0.668416	-0.5995
20	0.677154	0.795693
22	0.464698	0.500398
17	-84	-67.2

f
40
18	6.10083	4.89526
18	13.0151	10.4432
18	23.414	19.2994
18	-0.754914	-0.8275
32	0.295917	0.392493
30	-0.067233	-0.181352
20	-78	-62.4

g
40
20	9.63018	7.45875
20	20.5444	15.912
20	38.2589	31.7589
20	-0.666614	-0.6325
25	0.542133	0.480691
32	0.523849	0.48915
20	-84	-67.2

k
40
20	9.63018	7.45875
20	20.5444	15.912
20	38.2589	31.7589
20	-0.666614	-0.6325
25	0.542133	0.480691
32	0.523849	0.48915
20	-84	-67.2

l
35
13	10.1625	9.2925
13	21.6799	19.824
10	39.2137	29.6309
17	-0.628622	-0.6245
25	0.569411	0.575192
25	0.41135	0.410397
18	-84	-67.2

m
44
22	4.14674	3.93525
22	8.84638	8.3952
22	18.6486	16.4105
31	-0.764223	-0.777777
27	0.738981	0.773641
39	0.499503	0.550057
22	-72	-57.6

n
40
20	9.63018	7.45875
20	20.5444	15.912
20	38.2589	31.7589
20	-0.666614	-0.6325
25	0.542133	0.480691
32	0.523849	0.48915
20	-84	-67.2

p
44
22	4.14674	3.93525
22	8.84638	8.3952
22	18.6486	16.4105
31	-0.764223	-0.777777
27	0.738981	0.773641
39	0.499503	0.550057
22	-72	-57.6

r
40
20	9.63018	7.45875
20	20.5444	15.912
20	38.2589	31.7589
20	-0.666614	-0.6325
25	0.542133	0.480691
32	0.523849	0.48915
20	-84	-67.2

s
33
15	8.74915	7.5825
15	18.6648	16.176
15	33.1626	28.9849
24	-0.668416	-0.5995
20	0.677154	0.795693
22	0.464698	0.500398
17	-84	-67.2

SS
34
20	6.64602	5.35342
20	14.1782	11.4206
20	25.3796	21.3268
10	-1.47223	-1.68688
8	0.7149	1.03824
15	0.534486	0.723148
17	-78	-62.4

t
33
15	8.74915	7.5825
15	18.6648	16.176
15	33.1626	28.9849
24	-0.668416	-0.5995
20	0.677154	0.795693
22	0.464698	0.500398
17	-84	-67.2

th
33
15	8.74915	7.5825
15	18.6648	16.176
15	33.1626	28.9849
24	-0.668416	-0.5995
20	0.677154	0.795693
22	0.464698	0.500398
17	-84	-67.2

v
40
18	6.10083	4.89526
18	13.0151	10.4432
18	23.414	19.2994
18	-0.754914	-0.8275
32	0.295917	0.392493
30	-0.067233	-0.181352
20	-78	-62.4

w
40
8	6.10083	4.89526
8	13.0151	10.4432
8	23.414	19.2994
18	-2.16116	-2.29625
32	1.06387	1.19259
30	0.720267	0.876149
20	-78	-62.4

z
33
15	8.74915	7.5825
15	18.6648	16.176
15	33.1626	28.9849
24	-0.668416	-0.5995
20	0.677154	0.795693
22	0.464698	0.500398
17	-84	-67.2
