
#
16
8	5.14232	4.3425
8	10.9703	9.264
10	22.5252	15.1149
9	-0.403163	-0.387499
10	0.582594	0.565741
11	0.382829	0.3285
8	-84	-67.2

b
16
8	2.81539	2.3355
8	6.00617	4.9824
8	12.6031	8.15693
9	-0.753514	-0.736111
10	0.658194	0.691742
11	0.42783	0.468001
8	-72	-57.6

tS
20
10	3.5935	3.5491
10	7.66613	7.57142
10	13.7559	13.1925
15	-1.23183	-1.4525
10	1.19525	1.34379
13	0.839443	0.939148
10	-78	-62.4

d
14
8	5.83837	5.55975
8	12.4552	11.8608
8	23.0065	21.8029
9	-0.511747	-0.562
5	0.638719	0.71064
5	0.402391	0.466649
7	-84	-67.2

f
15
9	3.79996	3.465
9	8.10657	7.392
9	16.3654	15.6078
10	-0.67683	-0.811873
8	0.301281	0.395641
8	0.006729	-0.221852
8	-78	-62.4

g
15
7	6.15521	6.02775
7	13.1311	12.8592
7	24.9462	25.2229
9	-0.56727	-0.6
12	0.608724	0.509043
13	0.631712	0.462148
8	-84	-67.2

k
15
7	6.15521	6.02775
7	13.1311	12.8592
7	24.9462	25.2229
9	-0.56727	-0.6
12	0.608724	0.509043
13	0.631712	0.462148
8	-84	-67.2

l
30
8	7.01208	6.9525
8	14.9591	14.832
12	27.3708	27.0165
15	-0.61213	-0.636999
10	0.577224	0.603542
10	0.406712	0.439647
15	-84	-67.2

m
16
8	2.81539	2.3355
8	6.00617	4.9824
8	12.6031	8.15693
9	-0.753514	-0.736111
10	0.658194	0.691742
11	0.42783	0.468001
8	-72	-57.6

n
15
7	6.15521	6.02775
7	13.1311	12.8592
7	24.9462	25.2229
9	-0.56727	-0.6
12	0.608724	0.509043
13	0.631712	0.462148
8	-84	-67.2

p
16
8	3.08539	2.6055
8	6.58217	5.5584
8	13.0591	11.3489
9	-0.753514	-0.736111
10	0.658194	0.691742
11	0.42783	0.468001
8	-72	-57.6

r
15
7	6.15521	6.02775
7	13.1311	12.8592
7	24.9462	25.2229
9	-0.56727	-0.6
12	0.608724	0.509043
13	0.631712	0.462148
8	-84	-67.2

s
14
8	5.83837	5.55975
8	12.4552	11.8608
8	23.0065	21.8029
9	-0.511747	-0.562
5	0.638719	0.71064
5	0.402391	0.466649
7	-84	-67.2

SS
20
10	3.5935	3.5491
10	7.66613	7.57142
10	13.7559	13.1925
15	-1.23183	-1.4525
10	1.28975	1.28079
13	1.28944	1.34415
10	-78	-62.4

t
14
8	5.83837	5.55975
8	12.4552	11.8608
8	23.0065	21.8029
9	-0.511747	-0.562
5	0.638719	0.71064
5	0.402391	0.466649
7	-84	-67.2

th
14
8	5.83837	5.55975
8	12.4552	11.8608
8	23.0065	21.8029
9	-0.511747	-0.562
5	0.638719	0.71064
5	0.402391	0.466649
7	-84	-67.2

v
15
9	3.79996	3.465
9	8.10657	7.392
9	16.3654	15.6078
10	-0.67683	-0.811873
8	0.301281	0.395641
8	0.006729	-0.221852
8	-78	-62.4

w
15
8	3.79996	3.465
8	8.10657	7.392
11	16.3654	15.6078
10	-1.9956	-2.15562
8	1.0905	1.23165
13	0.749229	0.858148
8	-78	-62.4

z
14
8	5.83837	5.55975
8	12.4552	11.8608
8	23.0065	21.8029
9	-0.511747	-0.562
5	0.638719	0.71064
5	0.402391	0.466649
7	-84	-67.2
