
#
16
8	4.46851	3.96
8	9.53281	8.448
10	18.3641	17.6229
9	-1.30879	-1.162
10	1.25741	1.15479
11	0.864941	0.736647
8	-84	-67.2

b
16
8	2.6811	2.376
8	5.71969	5.0688
8	11.0185	10.5737
9	-2.06532	-2.12444
10	1.44641	1.46979
11	0.954942	1.00665
8	-72	-57.6

tS
20
10	3.05311	2.9862
10	6.5133	6.37056
10	8.17976	7.45225
15	-1.69618	-2.015
10	2.22667	2.28879
13	1.56007	1.59165
10	-78	-62.4

d
14
8	4.896	4.8195
8	10.4448	10.2816
8	16.8629	15.9509
9	-1.587	-1.737
5	1.55799	1.58949
5	0.939147	1.00665
7	-84	-67.2

f
15
9	3.28341	3.1185
9	7.00462	6.6528
9	11.8853	11.4316
10	-2.26618	-2.4525
8	0.763237	0.871291
8	0.853809	0.50715
8	-78	-62.4

g
15
7	4.81739	4.8105
7	10.2771	10.2624
7	16.7067	19.1429
9	-1.587	-1.737
12	1.37717	1.14219
13	1.32034	0.952649
8	-84	-67.2

k
15
7	4.81739	4.8105
7	10.2771	10.2624
7	16.7067	19.1429
9	-1.587	-1.737
12	1.37717	1.14219
13	1.32034	0.952649
8	-84	-67.2

l
30
8	5.78916	5.76
8	12.3502	12.288
12	20.3987	19.9941
15	-1.88726	-1.987
10	1.31417	1.33119
10	0.870344	0.907647
15	-84	-67.2

m
16
8	2.6811	2.376
8	5.71969	5.0688
8	11.0185	10.5737
9	-2.06532	-2.12444
10	1.44641	1.46979
11	0.954942	1.00665
8	-72	-57.6

n
15
7	4.81739	4.8105
7	10.2771	10.2624
7	16.7067	19.1429
9	-1.587	-1.737
12	1.37717	1.14219
13	1.32034	0.952649
8	-84	-67.2

p
16
8	2.6811	2.376
8	5.71969	5.0688
8	11.0185	10.5737
9	-2.06532	-2.12444
10	1.44641	1.46979
11	0.954942	1.00665
8	-72	-57.6

r
15
7	4.81739	4.8105
7	10.2771	10.2624
7	16.7067	19.1429
9	-1.587	-1.737
12	1.37717	1.14219
13	1.32034	0.952649
8	-84	-67.2

s
14
8	4.896	4.8195
8	10.4448	10.2816
8	16.8629	15.9509
9	-1.587	-1.737
5	1.55799	1.58949
5	0.939147	1.00665
7	-84	-67.2

SS
20
10	3.05311	2.9862
10	6.5133	6.37056
10	8.17976	7.45225
15	-1.69618	-2.015
10	2.41567	2.16279
13	2.46007	2.40165
10	-78	-62.4

t
14
8	4.896	4.8195
8	10.4448	10.2816
8	16.8629	15.9509
9	-1.587	-1.737
5	1.55799	1.58949
5	0.939147	1.00665
7	-84	-67.2

th
14
8	4.896	4.8195
8	10.4448	10.2816
8	16.8629	15.9509
9	-1.587	-1.737
5	1.55799	1.58949
5	0.939147	1.00665
7	-84	-67.2

v
15
9	3.28341	3.1185
9	7.00462	6.6528
9	11.8853	11.4316
10	-2.26618	-2.4525
8	0.763237	0.871291
8	0.853809	0.50715
8	-78	-62.4

w
15
8	3.28341	3.1185
8	7.00462	6.6528
11	11.8853	11.4316
10	-2.57868	-2.64
8	1.83424	1.94229
13	1.30381	1.31715
8	-78	-62.4

z
14
8	4.896	4.8195
8	10.4448	10.2816
8	16.8629	15.9509
9	-1.587	-1.737
5	1.55799	1.58949
5	0.939147	1.00665
7	-84	-67.2
