
#
44
16	6.92793	6.3675
16	14.7796	13.584
16	27.7441	23.0949
31	-1.55285	-1.437
27	1.48712	1.21779
39	0.931208	0.78165
22	-84	-67.2

b
44
22	2.80676	3.2805
22	5.98775	6.9984
22	14.8225	12.9449
31	-2.22539	-2.31889
27	1.61312	1.65879
39	1.11121	1.16626
22	-72	-57.6

tS
34
10	4.28747	2.92635
10	9.14661	6.24288
8	16.9848	12.2296
10	-2.03911	-2.29625
8	2.52941	2.60379
15	1.68228	1.72215
17	-78	-62.4

d
33
15	5.31405	4.95
15	11.3366	10.56
15	18.0987	16.9389
24	-2.01048	-1.937
20	1.71678	1.78479
22	1.06834	1.09665
17	-84	-67.2

f
40
18	4.48065	3.717
18	9.55871	7.9296
18	17.1817	13.5064
18	-2.51122	-2.60875
32	0.824288	0.934294
30	0.867848	0.804148
20	-78	-62.4

g
40
20	6.36832	3.6675
20	13.5857	7.824
20	26.0561	18.2309
20	-1.91048	-1.952
25	1.32073	1.21779
32	1.14165	1.11915
20	-84	-67.2

k
40
20	6.36832	3.6675
20	13.5857	7.824
20	26.0561	18.2309
20	-1.91048	-1.952
25	1.32073	1.21779
32	1.14165	1.11915
20	-84	-67.2

l
35
13	6.68993	6.12
13	14.2718	13.056
10	26.3004	21.2709
17	-1.98089	-2.037
25	1.37529	1.40679
25	0.916649	0.961647
18	-84	-67.2

m
44
22	2.80676	3.2805
22	5.98775	6.9984
22	14.8225	12.9449
31	-2.22539	-2.31889
27	1.61312	1.65879
39	1.11121	1.16626
22	-72	-57.6

n
40
20	6.36832	3.6675
20	13.5857	7.824
20	26.0561	18.2309
20	-1.91048	-1.952
25	1.32073	1.21779
32	1.14165	1.11915
20	-84	-67.2

p
44
22	2.80676	3.2805
22	5.98775	6.9984
22	14.8225	12.9449
31	-2.22539	-2.31889
27	1.61312	1.65879
39	1.11121	1.16626
22	-72	-57.6

r
40
20	6.36832	3.6675
20	13.5857	7.824
20	26.0561	18.2309
20	-1.91048	-1.952
25	1.32073	1.21779
32	1.14165	1.11915
20	-84	-67.2

s
33
15	5.31405	4.95
15	11.3366	10.56
15	18.0987	16.9389
24	-2.01048	-1.937
20	1.71678	1.78479
22	1.06834	1.09665
17	-84	-67.2

SS
34
20	4.28747	2.92635
20	9.14661	6.24288
20	16.9848	12.2296
10	-2.03911	-2.29625
8	1.1434	2.03679
15	0.87228	1.13715
17	-78	-62.4

t
33
15	5.31405	4.95
15	11.3366	10.56
15	18.0987	16.9389
24	-2.01048	-1.937
20	1.71678	1.78479
22	1.06834	1.09665
17	-84	-67.2

th
33
15	5.31405	4.95
15	11.3366	10.56
15	18.0987	16.9389
24	-2.01048	-1.937
20	1.71678	1.78479
22	1.06834	1.09665
17	-84	-67.2

v
40
18	4.48065	3.717
18	9.55871	7.9296
18	17.1817	13.5064
18	-2.51122	-2.60875
32	0.824288	0.934294
30	0.867848	0.804148
20	-78	-62.4

w
40
8	4.48065	3.717
8	9.55871	7.9296
8	17.1817	13.5064
18	-2.63622	-2.73375
32	1.89529	2.00529
30	1.31785	1.38915
20	-78	-62.4

z
33
15	5.31405	4.95
15	11.3366	10.56
15	18.0987	16.9389
24	-2.01048	-1.937
20	1.71678	1.78479
22	1.06834	1.09665
17	-84	-67.2
