
#
16
8	5.14232	4.3425
8	10.9703	9.264
8	22.5252	15.1149
9	-0.403163	-0.387499
10	1.25741	1.15479
11	0.864941	0.736647
8	-84	-67.2

b
16
8	2.81539	2.3355
8	6.00617	4.9824
8	12.6031	8.15693
9	-0.753514	-0.736111
10	1.44641	1.46979
11	0.954942	1.00665
8	-72	-57.6

tS
20
10	3.5935	3.5491
10	7.66613	7.57142
10	13.7559	13.1925
15	-1.23183	-1.4525
10	2.22667	2.28879
13	1.56007	1.59165
10	-78	-62.4

d
14
8	5.83837	5.55975
8	12.4552	11.8608
8	23.0065	21.8029
9	-0.511747	-0.562
5	1.55799	1.58949
5	0.939147	1.00665
7	-84	-67.2

f
15
9	3.79996	3.465
9	8.10657	7.392
9	16.3654	15.6078
10	-0.67683	-0.811873
8	0.763237	0.871291
8	0.853809	0.50715
8	-78	-62.4

g
15
7	6.15521	6.02775
7	13.1311	12.8592
7	24.9462	25.2229
9	-0.56727	-0.6
12	1.37717	1.14219
13	1.32034	0.952649
8	-84	-67.2

k
15
7	6.15521	6.02775
7	13.1311	12.8592
7	24.9462	25.2229
9	-0.56727	-0.6
12	1.37717	1.14219
13	1.32034	0.952649
8	-84	-67.2

l
30
8	7.01208	6.9525
8	14.9591	14.832
12	27.3708	27.0165
15	-0.61213	-0.636999
10	1.31417	1.33119
10	0.870344	0.907647
15	-84	-67.2

m
16
8	2.81539	2.3355
8	6.00617	4.9824
8	12.6031	8.15693
9	-0.753514	-0.736111
10	1.44641	1.46979
11	0.954942	1.00665
8	-72	-57.6

n
15
7	6.15521	6.02775
7	13.1311	12.8592
7	24.9462	25.2229
9	-0.56727	-0.6
12	1.37717	1.14219
13	1.32034	0.952649
8	-84	-67.2

p
16
8	3.08539	2.6055
8	6.58217	5.5584
8	13.0591	11.3489
9	-0.753514	-0.736111
10	1.44641	1.46979
11	0.954942	1.00665
8	-72	-57.6

r
15
7	6.15521	6.02775
7	13.1311	12.8592
7	24.9462	25.2229
9	-0.56727	-0.6
12	1.37717	1.14219
13	1.32034	0.952649
8	-84	-67.2

s
14
8	5.83837	5.55975
8	12.4552	11.8608
8	23.0065	21.8029
9	-0.511747	-0.562
5	1.55799	1.58949
5	0.939147	1.00665
7	-84	-67.2

SS
20
10	3.5935	3.5491
10	7.66613	7.57142
10	13.7559	13.1925
15	-1.23183	-1.4525
10	2.41567	2.16279
13	2.46007	2.40165
10	-78	-62.4

t
14
8	5.83837	5.55975
8	12.4552	11.8608
8	23.0065	21.8029
9	-0.511747	-0.562
5	1.55799	1.58949
5	0.939147	1.00665
7	-84	-67.2

th
14
8	5.83837	5.55975
8	12.4552	11.8608
8	23.0065	21.8029
9	-0.511747	-0.562
5	1.55799	1.58949
5	0.939147	1.00665
7	-84	-67.2

v
15
9	3.79996	3.465
9	8.10657	7.392
9	16.3654	15.6078
10	-0.67683	-0.811873
8	0.763237	0.871291
8	0.853809	0.50715
8	-78	-62.4

w
15
8	3.79996	3.465
8	8.10657	7.392
11	16.3654	15.6078
10	-1.9956	-2.15562
8	1.83424	1.94229
13	1.30381	1.31715
8	-78	-62.4

z
14
8	5.83837	5.55975
8	12.4552	11.8608
8	23.0065	21.8029
9	-0.511747	-0.562
5	1.55799	1.58949
5	0.939147	1.00665
7	-84	-67.2
